15 15.000000 1671022681
21 17.000000 1671022681
37 18.000000 1671022681
49 19.000000 1671022681
112 20.000000 1671022681
129 23.000000 1671022681
132 24.000000 1671022681
142 25.000000 1671022681
15 15.059095 1671022711
21 16.908693 1671022711
37 18.145055 1671022711
49 18.929093 1671022711
112 19.813009 1671022711
129 22.866829 1671022711
132 23.865990 1671022711
142 25.227589 1671022711
15 14.844824 1671022741
21 16.928050 1671022741
37 18.278206 1671022741
49 19.009642 1671022741
112 19.907700 1671022741
129 22.672773 1671022741
132 23.998618 1671022741
142 25.190085 1671022741
15 14.900910 1671022771
21 17.096203 1671022771
37 18.442169 1671022771
49 18.933822 1671022771
112 19.994181 1671022771
129 22.696385 1671022771
132 23.823052 1671022771
142 25.000531 1671022771
15 14.852293 1671022801
21 16.872483 1671022801
37 18.199624 1671022801
49 18.925573 1671022801
112 20.235164 1671022801
129 22.547786 1671022801
132 23.913547 1671022801
142 24.922669 1671022801
15 14.871956 1671022831
21 17.016438 1671022831
37 18.141619 1671022831
49 18.901486 1671022831
112 20.463896 1671022831
129 22.456755 1671022831
132 23.923712 1671022831
142 24.780820 1671022831
15 14.769131 1671022861
21 16.838064 1671022861
37 18.128121 1671022861
49 18.765967 1671022861
112 20.561780 1671022861
129 22.480235 1671022861
132 23.856003 1671022861
142 24.918614 1671022861
15 14.625074 1671022891
21 16.747568 1671022891
37 17.990722 1671022891
49 18.799301 1671022891
112 20.450849 1671022891
129 22.398740 1671022891
132 24.102359 1671022891
142 24.947633 1671022891
15 14.445481 1671022921
21 16.516271 1671022921
37 17.817238 1671022921
49 18.569449 1671022921
112 20.272620 1671022921
129 22.439487 1671022921
132 23.918619 1671022921
142 25.050239 1671022921
15 14.351814 1671022951
21 16.511215 1671022951
37 17.654289 1671022951
49 18.626528 1671022951
112 20.490601 1671022951
129 22.457846 1671022951
132 24.154433 1671022951
142 25.050309 1671022951
15 14.600368 1671022981
21 16.525333 1671022981
37 17.835165 1671022981
49 18.688666 1671022981
112 20.321888 1671022981
129 22.218617 1671022981
132 24.225689 1671022981
142 24.857012 1671022981
15 14.400937 1671023011
21 16.333193 1671023011
37 17.994323 1671023011
49 18.864843 1671023011
112 20.527025 1671023011
129 22.335270 1671023011
132 24.066353 1671023011
142 24.735617 1671023011
15 14.309676 1671023041
21 16.400125 1671023041
37 17.995004 1671023041
49 18.950086 1671023041
112 20.619712 1671023041
129 22.139304 1671023041
132 24.209003 1671023041
142 24.681390 1671023041
15 14.096147 1671023071
21 16.400412 1671023071
37 17.800715 1671023071
49 18.736619 1671023071
112 20.452203 1671023071
129 22.153863 1671023071
132 24.296539 1671023071
142 24.483422 1671023071
15 14.135895 1671023101
21 16.498970 1671023101
37 17.592893 1671023101
49 18.876859 1671023101
112 20.341419 1671023101
129 22.326358 1671023101
132 24.299517 1671023101
142 24.380435 1671023101
15 14.260204 1671023131
21 16.361101 1671023131
37 17.504030 1671023131
49 18.876150 1671023131
112 20.378028 1671023131
129 22.124679 1671023131
132 24.082526 1671023131
142 24.545849 1671023131
15 14.307159 1671023161
21 16.217061 1671023161
37 17.526060 1671023161
49 19.050492 1671023161
112 20.259214 1671023161
129 21.911318 1671023161
132 24.307142 1671023161
142 24.510236 1671023161
15 14.065817 1671023191
21 16.163114 1671023191
37 17.295952 1671023191
49 19.022778 1671023191
112 20.358593 1671023191
129 22.069866 1671023191
132 24.556215 1671023191
142 24.551428 1671023191
15 14.091406 1671023221
21 16.368862 1671023221
37 17.382422 1671023221
49 18.815983 1671023221
112 20.246942 1671023221
129 22.059718 1671023221
132 24.592955 1671023221
142 24.571592 1671023221
15 14.197050 1671023251
21 16.122782 1671023251
37 17.227540 1671023251
49 18.598772 1671023251
112 20.458174 1671023251
129 22.307825 1671023251
132 24.406348 1671023251
142 24.552104 1671023251
15 13.999733 1671023281
21 16.324528 1671023281
37 17.362879 1671023281
49 18.413976 1671023281
112 20.409429 1671023281
129 22.501753 1671023281
132 24.220173 1671023281
142 2