15 15.000000 1671022681
15 15.000000 1671022681
37 18.000000 1671022681
37 18.000000 1671022681
112 20.000000 1671022681
112 20.000000 1671022681
132 24.000000 1671022681
132 24.000000 1671022681
15 15.059095 1671022711
15 15.059095 1671022711
37 18.145055 1671022711
37 18.145055 1671022711
112 19.813009 1671022711
112 19.813009 1671022711
132 23.865990 1671022711
132 23.865990 1671022711
15 14.844824 1671022741
15 14.844824 1671022741
37 18.278206 1671022741
37 18.278206 1671022741
112 19.907700 1671022741
112 19.907700 1671022741
132 23.998618 1671022741
132 23.998618 1671022741
15 14.900910 1671022771
15 14.900910 1671022771
37 18.442169 1671022771
37 18.442169 1671022771
112 19.994181 1671022771
112 19.994181 1671022771
132 23.823052 1671022771
132 23.823052 1671022771
15 14.852293 1671022801
15 14.852293 1671022801
37 18.199624 1671022801
37 18.199624 1671022801
112 20.235164 1671022801
112 20.235164 1671022801
132 23.913547 1671022801
132 23.913547 1671022801
15 14.871956 1671022831
15 14.871956 1671022831
37 18.141619 1671022831
37 18.141619 1671022831
112 20.463896 1671022831
112 20.463896 1671022831
132 23.923712 1671022831
132 23.923712 1671022831
15 14.769131 1671022861
15 14.769131 1671022861
37 18.128121 1671022861
37 18.128121 1671022861
112 20.561780 1671022861
112 20.561780 1671022861
132 23.856003 1671022861
132 23.856003 1671022861
15 14.625074 1671022891
15 14.625074 1671022891
37 17.990722 1671022891
37 17.990722 1671022891
112 20.450849 1671022891
112 20.450849 1671022891
132 24.102359 1671022891
132 24.102359 1671022891
15 14.445481 1671022921
15 14.445481 1671022921
37 17.817238 1671022921
37 17.817238 1671022921
112 20.272620 1671022921
112 20.272620 1671022921
132 23.918619 1671022921
132 23.918619 1671022921
15 14.351814 1671022951
15 14.351814 1671022951
37 17.654289 1671022951
37 17.654289 1671022951
112 20.490601 1671022951
112 20.490601 1671022951
132 24.154433 1671022951
132 24.154433 1671022951
15 14.600368 1671022981
15 14.600368 1671022981
37 17.835165 1671022981
37 17.835165 1671022981
112 20.321888 1671022981
112 20.321888 1671022981
132 24.225689 1671022981
132 24.225689 1671022981
15 14.400937 1671023011
15 14.400937 1671023011
37 17.994323 1671023011
37 17.994323 1671023011
112 20.527025 1671023011
112 20.527025 1671023011
132 24.066353 1671023011
132 24.066353 1671023011
15 14.309676 1671023041
15 14.309676 1671023041
37 17.995004 1671023041
37 17.995004 1671023041
112 20.619712 1671023041
112 20.619712 1671023041
132 24.209003 1671023041
132 24.209003 1671023041
15 14.096147 1671023071
15 14.096147 1671023071
37 17.800715 1671023071
37 17.800715 1671023071
112 20.452203 1671023071
112 20.452203 1671023071
132 24.296539 1671023071
132 24.296539 1671023071
15 14.135895 1671023101
15 14.135895 1671023101
37 17.592893 1671023101
37 17.592893 1671023101
112 20.341419 1671023101
112 20.341419 1671023101
132 24.299517 1671023101
132 24.299517 1671023101
15 14.260204 1671023131
15 14.260204 1671023131
37 17.504030 1671023131
37 17.504030 1671023131
112 20.378028 1671023131
112 20.378028 1671023131
132 24.082526 1671023131
132 24.082526 1671023131
15 14.307159 1671023161
15 14.307159 1671023161
37 17.526060 1671023161
37 17.526060 1671023161
112 20.259214 1671023161
112 20.259214 1671023161
132 24.307142 1671023161
132 24.307142 1671023161
15 14.065817 1671023191
15 14.065817 1671023191
37 17.295952 1671023191
37 17.295952 1671023191
112 20.358593 1671023191
112 20.358593 1671023191
132 24.556215 1671023191
132 24.556215 1671023191
15 14.091406 1671023221
15 14.091406 1671023221
37 17.382422 1671023221
37 17.382422 1671023221
112 20.246942 1671023221
112 20.246942 1671023221
132 24.592955 1671023221
132 24.592955 1671023221
15 14.197050 1671023251
15 14.197050 1671023251
37 17.227540 1671023251
37 17.227540 1671023251
112 20.458174 1671023251
112 20.458174 1671023251
132 24.406348 1671023251
132 24.406348 1671023251
15 13.999733 1671023281
15 13.999733 1671023281
37 17.362879 1671023281
37 17.362879 1671023281
112 20.409429 1671023281
112 20.409429 1671023281
132 24.220173 1671023281
132 24.220173 1671023281
15 13.918200 1671023311
15 13.918200 1671023311
37 17.249950 1671023311
37 17.249950 1671023311
112 20.485455 1671023311
112 20.485455 1671023311
132 24.034301 1671023311
132 24.034301 1671023311
15 13.691338 1671023341
15 13.691338 1671023341
37 17.416974 1671023341
37 17.416974 1671023341
112 20.338642 1671023341
112 20.338642 1671023341
132 24.102266 1671023341
132 24.102266 1671023341
15 13.510433 1671023371
15 13.510433 1671023371
37 17.306807 1671023371
37 17.306807 1671023371
112 20.390360 1671023371
112 20.390360 1671023371
132 24.106329 1671023371
132 24.106329 1671023371
15 13.440702 1671023401
15 13.440702 1671023401
37 17.242132 1671023401
37 17.242132 1671023401
112 20.299725 1671023401
112 20.299725 1671023401
132 24.248608 1671023401
132 24.248608 1671023401
15 13.649710 1671023431
15 13.649710 1671023431
37 17.481957 1671023431
37 17.481957 1671023431
112 20.245707 1671023431
112 20.245707 1671023431
132 24.112451 1671023431
132 24.112451 1671023431
15 13.765936 1671023461
15 13.765936 1671023461
37 17.316211 1671023461
37 17.316211 1671023461
112 20.200720 1671023461
112 20.200720 1671023461
132 24.040100 1671023461
132 24.040100 1671023461
15 13.662838 1671023491
15 13.662838 1671023491
37 17.350857 1671023491
37 17.350857 1671023491
112 20.411623 1671023491
112 20.411623 1671023491
132 23.999149 1671023491
132 23.999149 1671023491
15 13.805538 1671023521
15 13.805538 1671023521
37 17.402638 1671023521
37 17.402638 1671023521
112 20.500576 1671023521
112 20.500576 1671023521
132 24.049232 1671023521
132 24.049232 1671023521
15 13.711764 1671023551
15 13.711764 1671023551
37 17.578380 1671023551
37 17.578380 1671023551
112 20.406460 1671023551
112 20.406460 1671023551
132 24.150136 1671023551
132 24.150136 1671023551
15 13.769031 1671023581
15 13.769031 1671023581
37 17.486935 1671023581
37 17.486935 1671023581
112 20.260840 1671023581
112 20.260840 1671023581
132 24.251080 1671023581
132 24.251080 1671023581
15 13.819485 1671023611
15 13.819485 1671023611
37 17.450353 1671023611
37 17.450353 1671023611
112 20.183763 1671023611
112 20.183763 1671023611
132 24.446430 1671023611
132 24.446430 1671023611
15 13.775289 1671023641
15 13.775289 1671023641
37 17.372954 1671023641
37 17.372954 1671023641
112 20.347175 1671023641
112 20.347175 1671023641
132 24.553767 1671023641
132 24.553767 1671023641
15 13.764265 1671023671
15 13.764265 1671023671
37 17.420688 1671023671
37 17.420688 1671023671
112 20.440559 1671023671
112 20.440559 1671023671
132 24.344061 1671023671
132 24.344061 1671023671
15 13.630597 1671023701
15 13.630597 1671023701
37 17.186707 1671023701
37 17.186707 1671023701
112 20.337672 1671023701
112 20.337672 1671023701
132 24.408944 1671023701
132 24.408944 1671023701
15 13.732098 1671023731
15 13.732098 1671023731
37 17.400467 1671023731
37 17.400467 1671023731
112 20.258077 1671023731
112 20.258077 1671023731
132 24.364695 1671023731
132 24.364695 1671023731
15 13.586798 1671023761
15 13.586798 1671023761
37 17.305163 1671023761
37 17.305163 1671023761
112 20.495669 1671023761
112 20.495669 1671023761
132 24.344884 1671023761
132 24.344884 1671023761
15 13.730661 1671023791
15 13.730661 1671023791
37 17.409906 1671023791
37 17.409906 1671023791
112 20.301768 1671023791
112 20.301768 1671023791
132 24.101567 1671023791
132 24.101567 1671023791
15 13.858148 1671023821
15 13.858148 1671023821
37 17.246954 1671023821
37 17.246954 1671023821
112 20.215589 1671023821
112 20.215589 1671023821
132 24.096808 1671023821
132 24.096808 1671023821
15 13.631268 1671023851
15 13.631268 1671023851
37 17.358635 1671023851
37 17.358635 1671023851
112 19.983258 1671023851
112 19.983258 1671023851
132 24.300089 1671023851
132 24.300089 1671023851
15 13.663792 1671023881
15 13.663792 1671023881
37 17.331438 1671023881
37 17.331438 1671023881
112 20.151090 1671023881
112 20.151090 1671023881
132 24.091103 1671023881
132 24.091103 1671023881
15 13.818631 1671023911
15 13.818631 1671023911
37 17.114264 1671023911
37 17.114264 1671023911
112 19.912672 1671023911
112 19.912672 1671023911
132 24.279