15 15 1671022681
21 17 1671022681
37 18 1671022681
49 19 1671022681
112 20 1671022681
129 23 1671022681
132 24 1671022681
142 25 1671022681
15 15.0591 1671022711
21 16.9087 1671022711
37 18.1451 1671022711
49 18.9291 1671022711
112 19.813 1671022711
129 22.8668 1671022711
132 23.866 1671022711
142 25.2276 1671022711
15 14.8448 1671022741
21 16.928 1671022741
37 18.2782 1671022741
49 19.0096 1671022741
112 19.9077 1671022741
129 22.6728 1671022741
132 23.9986 1671022741
142 25.1901 1671022741
15 14.9009 1671022771
21 17.0962 1671022771
37 18.4422 1671022771
49 18.9338 1671022771
112 19.9942 1671022771
129 22.6964 1671022771
132 23.8231 1671022771
142 25.0005 1671022771
15 14.8523 1671022801
21 16.8725 1671022801
37 18.1996 1671022801
49 18.9256 1671022801
112 20.2352 1671022801
129 22.5478 1671022801
132 23.9135 1671022801
142 24.9227 1671022801
15 14.872 1671022831
21 17.0164 1671022831
37 18.1416 1671022831
49 18.9015 1671022831
112 20.4639 1671022831
129 22.4568 1671022831
132 23.9237 1671022831
142 24.7808 1671022831
15 14.7691 1671022861
21 16.8381 1671022861
37 18.1281 1671022861
49 18.766 1671022861
112 20.5618 1671022861
129 22.4802 1671022861
132 23.856 1671022861
142 24.9186 1671022861
15 14.6251 1671022891
21 16.7476 1671022891
37 17.9907 1671022891
49 18.7993 1671022891
112 20.4508 1671022891
129 22.3987 1671022891
132 24.1024 1671022891
142 24.9476 1671022891
15 14.4455 1671022921
21 16.5163 1671022921
37 17.8172 1671022921
49 18.5694 1671022921
112 20.2726 1671022921
129 22.4395 1671022921
132 23.9186 1671022921
142 25.0502 1671022921
15 14.3518 1671022951
21 16.5112 1671022951
37 17.6543 1671022951
49 18.6265 1671022951
112 20.4906 1671022951
129 22.4578 1671022951
132 24.1544 1671022951
142 25.0503 1671022951
15 14.6004 1671022981
21 16.5253 1671022981
37 17.8352 1671022981
49 18.6887 1671022981
112 20.3219 1671022981
129 22.2186 1671022981
132 24.2257 1671022981
142 24.857 1671022981
15 14.4009 1671023011
21 16.3332 1671023011
37 17.9943 1671023011
49 18.8648 1671023011
112 20.527 1671023011
129 22.3353 1671023011
132 24.0664 1671023011
142 24.7356 1671023011
15 14.3097 1671023041
21 16.4001 1671023041
37 17.995 1671023041
49 18.9501 1671023041
112 20.6197 1671023041
129 22.1393 1671023041
132 24.209 1671023041
142 24.6814 1671023041
15 14.0961 1671023071
21 16.4004 1671023071
37 17.8007 1671023071
49 18.7366 1671023071
112 20.4522 1671023071
129 22.1539 1671023071
132 24.2965 1671023071
142 24.4834 1671023071
15 14.1359 1671023101
21 16.499 1671023101
37 17.5929 1671023101
49 18.8769 1671023101
112 20.3414 1671023101
129 22.3264 1671023101
132 24.2995 1671023101
142 24.3804 1671023101
15 14.2602 1671023131
21 16.3611 1671023131
37 17.504 1671023131
49 18.8762 1671023131
112 20.378 1671023131
129 22.1247 1671023131
132 24.0825 1671023131
142 24.5458 1671023131
15 14.3072 1671023161
21 16.2171 1671023161
37 17.5261 1671023161
49 19.0505 1671023161
112 20.2592 1671023161
129 21.9113 1671023161
132 24.3071 1671023161
142 24.5102 1671023161
15 14.0658 1671023191
21 16.1631 1671023191
37 17.296 1671023191
49 19.0228 1671023191
112 20.3586 1671023191
129 22.0699 1671023191
132 24.5562 1671023191
142 24.5514 1671023191
15 14.0914 1671023221
21 16.3689 1671023221
37 17.3824 1671023221
49 18.816 1671023221
112 20.2469 1671023221
129 22.0597 1671023221
132 24.593 1671023221
142 24.5716 1671023221
15 14.197 1671023251
21 16.1228 1671023251
37 17.2275 1671023251
49 18.5988 1671023251
112 20.4582 1671023251
129 22.3078 1671023251
132 24.4063 1671023251
142 24.5521 1671023251
15 13.9997 1671023281
21 16.3245 1671023281
37 17.3629 1671023281
49 18.414 1671023281
112 20.4094 1671023281
129 22.5018 1671023281
132 24.2202 1671023281
142 24.3468 1671023281
15 13.9182 1671023311
21 16.2644 1671023311
37 17.25 1671023311
49 18.5387 1671023311
112 20.4855 1671023311
129 22.3167 1671023311
132 24.0343 1671023311
142 24.3574 1671023311
15 13.6913 1671023341
21 16.458 1671023341
37 17.417 1671023341
49 18.7524 1671023341
112 20.3386 1671023341
129 22.2813 1671023341
132 24.1023 1671023341
142 24.5487 1671023341
15 13.5104 1671023371
21 16.5681 1671023371
37 17.3068 1671023371
49 18.9911 1671023371
112 20.3904 1671023371
129 22.2526 1671023371
132 24.1063 1671023371
142 24.3166 1671023371
15 13.4407 1671023401
21 16.6871 1671023401
37 17.2421 1671023401
49 18.9089 1671023401
112 20.2997 1671023401
129 22.2231 1671023401
132 24.2486 1671023401
142 24.4448 1671023401
15 13.6497 1671023431
21 16.6116 1671023431
37 17.482 1671023431
49 19.0165 1671023431
112 20.2457 1671023431
129 22.3082 1671023431
132 24.1125 1671023431
142 24.2756 1671023431
15 13.7659 1671023461
21 16.8587 1671023461
37 17.3162 1671023461
49 19.0846 1671023461
112 20.2007 1671023461
129 22.1542 1671023461
132 24.0401 1671023461
142 24.3108 1671023461
15 13.6628 1671023491
21 16.6887 1671023491
37 17.3509 1671023491
49 19.1613 1671023491
112 20.4116 1671023491
129 22.0601 1671023491
132 23.9991 1671023491
142 24.2525 1671023491
15 13.8055 1671023521
21 16.4545 1671023521
37 17.4026 1671023521
49 19.1078 1671023521
112 20.5006 1671023521
129 22.1983 1671023521
132 24.0492 1671023521
142 24.0078 1671023521
15 13.7118 1671023551
21 16.3353 1671023551
37 17.5784 1671023551
49 19.289 1671023551
112 20.4065 1671023551
129 22.3586 1671023551
132 24.1501 1671023551
142 23.9419 1671023551
15 13.769 1671023581
21 16.5657 1671023581
37 17.4869 1671023581
49 19.2165 1671023581
112 20.2608 1671023581
129 22.5003 1671023581
132 24.2511 1671023581
142 24.1718 1671023581
15 13.8195 1671023611
21 16.7921 1671023611
37 17.4504 1671023611
49 19.3047 1671023611
112 20.1838 1671023611
129 22.4806 1671023611
132 24.4464 1671023611
142 23.9732 1671023611
15 13.7753 1671023641
21 16.8077 1671023641
37 17.373 1671023641
49 19.2261 1671023641
112 20.3472 1671023641
129 22.5215 1671023641
132 24.5538 1671023641
142 23.9424 1671023641
15 13.7643 1671023671
21 16.778 1671023671
37 17.4207 1671023671
49 19.4148 1671023671
112 20.4406 1671023671
129 22.6686 1671023671
132 24.3441 1671023671
142 23.9173 1671023671
15 13.6306 1671023701
21 16.8183 1671023701
37 17.1867 1671023701
49 19.318 1671023701
112 20.3377 1671023701
129 22.5794 1671023701
132 24.4089 1671023701
142 23.8515 1671023701
15 13.7321 1671023731
21 17.0507 1671023731
37 17.4005 1671023731
49 19.3144 1671023731
112 20.2581 1671023731
129 22.3464 1671023731
132 24.3647 1671023731
142 23.8488 1671023731
15 13.5868 1671023761
21 17.2059 1671023761
37 17.3052 1671023761
49 19.0655 1671023761
112 20.4957 1671023761
129 22.5958 1671023761
132 24.3449 1671023761
142 23.9312 1671023761
15 13.7307 1671023791
21 17.073 1671023791
37 17.4099 1671023791
49 19.2006 1671023791
112 20.3018 1671023791
129 22.7067 1671023791
132 24.1016 1671023791
142 23.8421 1671023791
15 13.8581 1671023821
21 17.2858 1671023821
37 17.247 1671023821
49 19.4379 1671023821
112 20.2156 1671023821
129 22.5477 1671023821
132 24.0968 1671023821
142 23.7965 1671023821
15 13.6313 1671023851
21 17.2065 1671023851
37 17.3586 1671023851
49 19.2642 1671023851
112 19.9833 1671023851
129 22.5292 1671023851
132 24.3001 1671023851
142 23.5897 1671023851
15 13.6638 1671023881
21 17.1677 1671023881
37 17.3314 1671023881
49 19.4084 1671023881
112 20.1511 1671023881
129 22.4025 1671023881
132 24.0911 1671023881
142 23.3932 1671023881
15 13.8186 1671023911
21 17.1968 1671023911
37 17.1143 1671023911
49 19.3158 1671023911
112 19.9127 1671023911
129 22.4957 1671023911
132 24.2796 1671023911
142 23.4044 1671023911
15 13.801 1671023941
21 17.2269 1671023941
37 16.9321 1671023941
49 19.4152 1671023941
112 19.7856 1671023941
129 22.3541 1671023941
132 24.3721 1671023941
142 23.2993 1671023941
15 13.7915 1671023971
21 17.3165 1671023971
37 17.1637 1671023971
49 19.4548 1671023971
112 19.6456 1671023971
129 22.4314 1671023971
132 24.4194 1671023971
142 23.1781 1671023971
15 13.7429 1671024001
21 17.2179 1671024001
37 16.9199 1671024001
49 19.307 1671024001
112 19.506 1671024001
129 22.4622 1671024001
132 24.6422 1671024001
142 23.4043 1671024001
15 13.6705 1671024031
21 17.377 1671024031
37 17.0666 1671024031
49 19.1963 1671024031
112 19.6543 1671024031
129 22.3094 1671024031
132 24.6406 1671024031
142 23.4397 1671024031
15 13.4917 1671024061
21 17.2581 1671024061
37 16.9114 1671024061
49 19.033 1671024061
112 19.7915 1671024061
129 22.3302 1671024061
132 24.4178 1671024061
142 23.4865 1671024061
15 13.4329 1671024091
21 17.4192 1671024091
37 17.0433 1671024091
49 19.2226 1671024091
112 19.6302 1671024091
129 22.5167 1671024091
132 24.2691 1671024091
142 23.4679 1671024091
15 13.4087 1671024121
21 17.635 1671024121
37 17.2065 1671024121
49 19.2138 1671024121
112 19.4292 1671024121
129 22.7448 1671024121
132 24.3864 1671024121
142 23.6463 1671024121
15 13.3073 1671024151
21 17.7396 1671024151
37 17.4378 1671024151
49 19.4311 1671024151
112 19.6468 1671024151
129 22.7899 1671024151
132 24.3774 1671024151
142 23.4853 1671024151
15 13.4781 1671024181
21 17.8621 1671024181
37 17.3198 1671024181
49 19.3618 1671024181
112 19.7206 1671024181
129 22.7341 1671024181
132 24.3812 1671024181
142 23.247 1671024181
15 13.624 1671024211
21 18.008 1671024211
37 17.4353 1671024211
49 19.2037 1671024211
112 19.8932 1671024211
129 22.8898 1671024211
132 24.1535 1671024211
142 23.2721 1671024211
15 13.4518 1671024241
21 18.1295 1671024241
37 17.2791 1671024241
49 19.3978 1671024241
112 19.9427 1671024241
129 22.7856 1671024241
132 23.9718 1671024241
142 23.4563 1671024241
15 13.531 1671024271
21 18.0778 1671024271
37 17.3138 1671024271
49 19.3276 1671024271
112 20.1095 1671024271
129 22.9918 1671024271
132 24.0581 1671024271
142 23.6071 1671024271
15 13.5607 1671024301
21 18.2706 1671024301
37 17.3846 1671024301
49 19.2357 1671024301
112 19.8776 1671024301
129 23.0037 1671024301
132 24.0027 1671024301
142 23.6698 1671024301
15 13.3487 1671024331
21 18.1911 1671024331
37 17.1509 1671024331
49 19.2495 1671024331
112 20.0328 1671024331
129 22.9325 1671024331
132 23.9842 1671024331
142 23.7595 1671024331
15 13.464 1671024361
21 18.0881 1671024361
37 17.3908 1671024361
49 19.0933 1671024361
112 20.0275 1671024361
129 22.7661 1671024361
132 23.9919 1671024361
142 23.5456 1671024361
15 13.448 1671024391
21 18.1247 1671024391
37 17.3009 1671024391
49 18.8515 1671024391
112 20.0905 1671024391
129 22.8611 1671024391
132 23.8427 1671024391
142 23.3205 1671024391
15 13.3496 1671024421
21 18.3527 1671024421
37 17.0944 1671024421
49 18.8084 1671024421
112 20.1807 1671024421
129 22.9796 1671024421
132 23.6345 1671024421
142 23.5617 1671024421
15 13.403 1671024451
21 18.4234 1671024451
37 17.1051 1671024451
49 18.6889 1671024451
112 20.2487 1671024451
129 23.0032 1671024451
132 23.4524 1671024451
142 23.4804 1671024451
15 13.5846 1671024481
21 18.5156 1671024481
37 17.0787 1671024481
49 18.8241 1671024481
112 20.2955 1671024481
129 22.817 1671024481
132 23.2389 1671024481
142 23.459 1671024481
15 13.7792 1671024511
21 18.7142 1671024511
37 17.188 1671024511
49 18.6353 1671024511
112 20.354 1671024511
129 22.6582 1671024511
132 23.3232 1671024511
142 23.4256 1671024511
15 13.5538 1671024541
21 18.643 1671024541
37 17.3871 1671024541
49 18.6333 1671024541
112 20.2202 1671024541
129 22.8526 1671024541
132 23.2531 1671024541
142 23.6156 1671024541
15 13.7843 1671024571
21 18.6912 1671024571
37 17.3416 1671024571
49 18.633 1671024571
112 19.9799 1671024571
129 22.7086 1671024571
132 23.3743 1671024571
142 23.8411 1671024571
15 13.8123 1671024601
21 18.8073 1671024601
37 17.1652 1671024601
49 18.8508 1671024601
112 20.0683 1671024601
129 22.8011 1671024601
132 23.1247 1671024601
142 23.845 1671024601
15 13.6199 1671024631
21 18.7112 1671024631
37 17.3908 1671024631
49 18.7525 1671024631
112 20.2149 1671024631
129 22.8304 1671024631
132 23.3388 1671024631
142 24.0769 1671024631
15 13.4183 1671024661
21 18.6415 1671024661
37 17.333 1671024661
49 18.7138 1671024661
112 20.1168 1671024661
129 22.5963 1671024661
132 23.5645 1671024661
142 24.3001 1671024661
15 13.2376 1671024691
21 18.5342 1671024691
37 17.5785 1671024691
49 18.5167 1671024691
112 20.0082 1671024691
129 22.7553 1671024691
132 23.5634 1671024691
142 24.3482 1671024691
15 13.296 1671024721
21 18.4844 1671024721
37 17.6169 1671024721
49 18.6853 1671024721
112 19.9004 1671024721
129 22.8346 1671024721
132 23.3717 1671024721
142 24.1063 1671024721
15 13.3135 1671024751
21 18.5951 1671024751
37 17.4055 1671024751
49 18.451 1671024751
112 20.109 1671024751
129 22.8434 1671024751
132 23.6169 1671024751
142 23.9074 1671024751
15 13.2229 1671024781
21 18.5188 1671024781
37 17.29 1671024781
49 18.4686 1671024781
112 20.2195 1671024781
129 22.6412 1671024781
132 23.8057 1671024781
142 24.0391 1671024781
15 13.1228 1671024811
21 18.2859 1671024811
37 17.501 1671024811
49 18.5733 1671024811
112 20.318 1671024811
129 22.888 1671024811
132 23.5795 1671024811
142 23.9433 1671024811
15 13.0188 1671024841
21 18.5268 1671024841
37 17.7406 1671024841
49 18.6178 1671024841
112 20.087 1671024841
129 22.8031 1671024841
132 23.5752 1671024841
142 24.0021 1671024841
15 13.1036 1671024871
21 18.5789 1671024871
37 17.4978 1671024871
49 18.5423 1671024871
112 20.1892 1671024871
129 22.9797 1671024871
132 23.5931 1671024871
142 24.0279 1671024871
15 13.2552 1671024901
21 18.3584 1671024901
37 17.5074 1671024901
49 18.5568 1671024901
112 20.1832 1671024901
129 23.0479 1671024901
132 23.344 1671024901
142 24.2538 1671024901
15 13.2679 1671024931
21 18.4171 1671024931
37 17.5286 1671024931
49 18.4367 1671024931
112 20.0005 1671024931
129 22.9242 1671024931
132 23.2063 1671024931
142 24.2472 1671024931
15 13.2904 1671024961
21 18.4336 1671024961
37 17.6891 1671024961
49 18.2022 1671024961
112 20.1953 1671024961
129 23.132 1671024961
132 23.239 1671024961
142 24.2719 1671024961
15 13.2282 1671024991
21 18.6467 1671024991
37 17.8544 1671024991
49 18.1409 1671024991
112 20.2352 1671024991
129 23.1102 1671024991
132 23.2599 1671024991
142 24.2217 1671024991
15 13.1748 1671025021
21 18.5695 1671025021
37 17.6551 1671025021
49 18.0094 1671025021
112 20.4629 1671025021
129 22.9385 1671025021
132 23.1736 1671025021
142 24.3361 1671025021
15 12.9704 1671025051
21 18.3635 1671025051
37 17.7824 1671025051
49 18.0676 1671025051
112 20.4919 1671025051
129 22.8909 1671025051
132 23.0099 1671025051
142 24.5346 1671025051
15 12.9597 1671025081
21 18.1466 1671025081
37 17.7568 1671025081
49 18.1448 1671025081
112 20.657 1671025081
129 23.0678 1671025081
132 22.8848 1671025081
142 24.3509 1671025081
15 13.1204 1671025111
21 18.3929 1671025111
37 17.9229 1671025111
49 17.9506 1671025111
112 20.6675 1671025111
129 22.9486 1671025111
132 22.8974 1671025111
142 24.1552 1671025111
15 13.179 1671025141
21 18.6036 1671025141
37 17.7534 1671025141
49 18.112 1671025141
112 20.7656 1671025141
129 22.9423 1671025141
132 22.9135 1671025141
142 24.1232 1671025141
15 13.3123 1671025171
21 18.7215 1671025171
37 17.98 1671025171
49 18.1973 1671025171
112 20.934 1671025171
129 22.773 1671025171
132 22.8287 1671025171
142 24.2607 1671025171
15 13.264 1671025201
21 18.9678 1671025201
37 17.94 1671025201
49 18.0417 1671025201
112 20.964 1671025201
129 22.7282 1671025201
132 22.8383 1671025201
142 24.2474 1671025201
15 13.379 1671025231
21 19.0449 1671025231
37 18.1676 1671025231
49 18.2904 1671025231
112 20.9525 1671025231
129 22.7954 1671025231
132 23.0358 1671025231
142 24.4243 1671025231
15 13.388 1671025261
21 19.1069 1671025261
37 17.9829 1671025261
49 18.4829 1671025261
112 20.9975 1671025261
129 22.9153 1671025261
132 22.9073 1671025261
142 24.4461 1671025261
15 13.4532 1671025291
21 19.1945 1671025291
37 17.9829 1671025291
49 18.4864 1671025291
112 20.9478 1671025291
129 22.8794 1671025291
132 23.0474 1671025291
142 24.4576 1671025291
15 13.2273 1671025321
21 19.1047 1671025321
37 17.7381 1671025321
49 18.41 1671025321
112 21.0025 1671025321
129 22.6798 1671025321
132 23.2927 1671025321
142 24.6534 1671025321
15 13.1739 1671025351
21 19.0536 1671025351
37 17.9669 1671025351
49 18.5591 1671025351
112 21.1902 1671025351
129 22.7791 1671025351
132 23.5031 1671025351
142 24.7567 1671025351
15 13.3607 1671025381
21 19.1411 1671025381
37 17.8469 1671025381
49 18.794 1671025381
112 21.247 1671025381
129 22.69 1671025381
132 23.5259 1671025381
142 24.8194 1671025381
15 13.5638 1671025411
21 19.172 1671025411
37 17.7256 1671025411
49 18.5924 1671025411
112 21.1068 1671025411
129 22.8371 1671025411
132 23.5057 1671025411
142 24.8231 1671025411
15 13.5224 1671025441
21 18.9756 1671025441
37 17.6735 1671025441
49 18.4586 1671025441
112 21.0685 1671025441
129 22.8001 1671025441
132 23.7518 1671025441
142 24.8574 1671025441
15 13.7496 1671025471
21 19.1328 1671025471
37 17.8789 1671025471
49 18.3299 1671025471
112 21.1719 1671025471
129 22.6036 1671025471
132 23.908 1671025471
142 24.6918 1671025471
15 13.6561 1671025501
21 19.1072 1671025501
37 17.6674 1671025501
49 18.5777 1671025501
112 21.3407 1671025501
129 22.6139 1671025501
132 23.7756 1671025501
142 24.8446 1671025501
15 13.5656 1671025531
21 19.3262 1671025531
37 17.7501 1671025531
49 18.3414 1671025531
112 21.4009 1671025531
129 22.7183 1671025531
132 23.8934 1671025531
142 24.8207 1671025531
15 13.7108 1671025561
21 19.4088 1671025561
37 17.5059 1671025561
49 18.5434 1671025561
112 21.6001 1671025561
129 22.682 1671025561
132 23.9532 1671025561
142 25.0304 1671025561
15 13.6914 1671025591
21 19.6317 1671025591
37 17.5024 1671025591
49 18.7734 1671025591
112 21.6974 1671025591
129 22.808 1671025591
132 23.9105 1671025591
142 25.0564 1671025591
15 13.8551 1671025621
21 19.5022 1671025621
37 17.3873 1671025621
49 18.5669 1671025621
112 21.5133 1671025621
129 22.6351 1671025621
132 23.8127 1671025621
142 24.8966 1671025621
15 13.8393 1671025651
21 19.6059 1671025651
37 17.5744 1671025651
49 18.7004 1671025651
112 21.4801 1671025651
129 22.8103 1671025651
132 23.9846 1671025651
142 25.1123 1671025651
