1 20.0952 1672410778
1 19.9587 1672410780
1 20.1388 1672410782
1 20.083 1672410784
1 19.8354 1672410786
1 19.7282 1672410788
1 19.5032 1672410790
1 19.3418 1672410792
1 19.2234 1672410794
1 19.2765 1672410796
1 19.063 1672410798
1 18.9245 1672410800
1 18.9321 1672410802
1 18.6946 1672410804
1 18.9317 1672410806
1 19.1543 1672410808
1 19.3566 1672410810
1 19.2476 1672410812
1 19.2304 1672410814
1 19.2413 1672410816
1 19.0281 1672410818
1 18.9458 1672410820
1 18.9492 1672410822
1 18.8614 1672410824
1 18.6426 1672410826
1 18.4084 1672410828
1 18.2068 1672410830
1 18.1186 1672410832
1 18.0056 1672410834
1 18.0929 1672410836
1 18.2616 1672410838
1 18.087 1672410840
1 17.9447 1672410842
1 18.1097 1672410844
1 18.0319 1672410846
1 18.1732 1672410848
1 18.4136 1672410850
1 18.6578 1672410852
1 18.8269 1672410854
1 18.8286 1672410856
1 18.7807 1672410858
1 18.5807 1672410860
1 18.691 1672410862
1 18.8194 1672410864
1 18.8512 1672410866
1 18.6925 1672410868
1 18.8015 1672410870
1 18.6743 1672410872
1 18.8577 1672410874
1 18.6422 1672410876
1 18.5916 1672410878
1 18.6235 1672410880
1 18.5185 1672410882
1 18.4606 1672410884
1 18.6065 1672410886
1 18.5067 1672410888
1 18.6866 1672410890
1 18.5364 1672410892
1 18.4001 1672410894
1 18.5749 1672410896
1 18.3811 1672410898
1 18.4947 1672410900
1 18.657 1672410902
1 18.7597 1672410904
1 18.8972 1672410906
1 18.8446 1672410908
1 18.9291 1672410910
1 18.7905 1672410912
1 18.6306 1672410914
1 18.7065 1672410916
1 18.5911 1672410918
1 18.5122 1672410920
1 18.305 1672410922
1 18.4031 1672410924
1 18.3537 1672410926
1 18.3834 1672410928
1 18.3389 1672410930
1 18.4576 1672410932
1 18.5712 1672410934
1 18.386 1672410936
1 18.3772 1672410938
1 18.3742 1672410940
1 18.2704 1672410942
1 18.343 1672410944
1 18.279 1672410946
1 18.4797 1672410948
1 18.2971 1672410950
1 18.2325 1672410952
1 18.3892 1672410954
1 18.5595 1672410956
1 18.3489 1672410958
1 18.1702 1672410960
1 18.187 1672410962
1 18.1326 1672410964
1 18.1313 1672410966
1 18.3348 1672410968
1 18.1194 1672410970
1 18.0329 1672410972
1 17.96 1672410974
1 18.0558 1672410976
1 18.1481 1672410978
1 18.0866 1672410980
1 18.0751 1672410982
1 18.1708 1672410984
1 18.283 1672410986
1 18.0919 1672410988
1 18.0488 1672410990
1 17.966 1672410992
1 18.1798 1672410994
1 17.9804 1672410996
1 18.1213 1672410998
1 18.0806 1672411000
1 17.926 1672411002
1 17.7584 1672411004
1 17.5518 1672411006
1 17.4741 1672411008
1 17.3287 1672411010
1 17.3238 1672411012
1 17.1181 1672411014
1 17.3076 1672411016
1 17.0619 1672411018
1 16.9743 1672411020
1 17.1934 1672411022
1 17.4327 1672411024
1 17.5734 1672411026
1 17.7438 1672411028
1 17.5915 1672411030
1 17.7303 1672411032
1 17.8165 1672411034
1 17.6115 1672411036
1 17.4239 1672411038
1 17.4847 1672411040
1 17.4049 1672411042
1 17.5096 1672411044
1 17.3534 1672411046
1 17.5369 1672411048
1 17.6176 1672411050
1 17.8216 1672411052
1 17.9464 1672411054
1 17.8479 1672411056
1 18.0187 1672411058
1 17.9691 1672411060
1 18.0625 1672411062
1 17.9941 1672411064
1 17.9105 1672411066
1 17.9691 1672411068
1 18.1053 1672411070
1 18.1405 1672411072
1 17.9677 1672411074
1 17.9801 1672411076
1 18.054 1672411078
1 18.2041 1672411080
1 18.363 1672411082
1 18.2869 1672411084
1 18.2422 1672411086
1 18.1305 1672411088
1 18.2727 1672411090
1 18.4888 1672411092
1 18.6209 1672411094
1 18.6954 1672411096
1 18.9284 1672411098
1 18.8546 1672411100
1 18.8495 1672411102
1 19.056 1672411104
1 19.2393 1672411106
1 19.4717 1672411108
1 19.351 1672411110
1 19.2408 1672411112
1 19.3278 1672411114
1 19.3912 1672411116
1 19.3349 1672411118
1 19.4576 1672411120
1 19.4624 1672411122
1 19.3955 1672411124
1 19.5112 1672411126
1 19.3031 1672411128
1 19.3799 1672411130
1 19.5499 1672411132
1 19.3284 1672411134
1 19.1569 1672411136
1 19.0887 1672411138
1 19.0306 1672411140
1 19.1721 1672411142
1 19.3614 1672411144
1 19.5108 1672411146
1 19.2927 1672411148
1 19.0998 1672411150
1 18.9914 1672411152
1 19.2259 1672411154
1 19.2576 1672411156
1 19.169 1672411158
1 18.9318 1672411160
1 19.1008 1672411162
1 18.859 1672411164
1 18.6694 1672411166
1 18.537 1672411168
1 18.31 1672411170
1 18.3075 1672411172
1 18.4749 1672411174
1 18.2538 1672411176
1 18.4462 1672411178
1 18.2217 1672411180
1 17.9779 1672411182
1 18.2041 1672411184
1 18.1507 1672411186
1 18.0439 1672411188
1 17.9882 1672411190
1 18.23 1672411192
1 18.3932 1672411194
1 18.6074 1672411196
1 18.3983 1672411198
1 18.647 1672411200
1 18.6296 1672411202
1 18.8161 1672411204
1 18.987 1672411206
1 19.1674 1672411208
1 19.037 1672411210
1 19.0258 1672411212
1 18.8002 1672411214
1 18.7579 1672411216
1 18.5218 1672411218
1 18.4459 1672411220
1 18.4552 1672411222
1 18.5413 1672411224
1 18.6193 1672411226
1 18.6803 1672411228
1 18.696 1672411230
1 18.5027 1672411232
1 18.5034 1672411234
1 18.4504 1672411236
1 18.5092 1672411238
1 18.2673 1672411240
1 18.3009 1672411242
1 18.4898 1672411244
1 18.571 1672411246
1 18.364 1672411248
1 18.4869 1672411250
1 18.501 1672411252
1 18.6272 1672411254
1 18.6935 1672411256
1 18.6911 1672411258
1 18.6254 1672411260
1 18.7203 1672411262
1 18.575 1672411264
1 18.3564 1672411266
1 18.2774 1672411268
1 18.1823 1672411270
1 18.0958 1672411272
1 18.2685 1672411274
1 18.3115 1672411276
1 18.1334 1672411278
1 18.0159 1672411280
1 17.8389 1672411282
1 17.6431 1672411284
1 17.7788 1672411286
1 17.7398 1672411288
1 17.4922 1672411290
1 17.5588 1672411292
1 17.5884 1672411294
1 17.4889 1672411296
1 17.5136 1672411298
1 17.3378 1672411300
1 17.46 1672411302
1 17.4476 1672411304
1 17.3684 1672411306
1 17.3351 1672411308
1 17.4845 1672411310
1 17.4599 1672411312
1 17.2118 1672411314
1 17.024 1672411316
1 16.8804 1672411318
1 16.9442 1672411320
1 16.8628 1672411322
1 16.8371 1672411324
1 16.9588 1672411326
1 17.1282 1672411328
1 17.1627 1672411330
1 17.4083 1672411332
1 17.3765 1672411334
1 17.437 1672411336
1 17.2241 1672411338
1 17.3621 1672411340
1 17.3513 1672411342
1 17.2329 1672411344
1 17.075 1672411346
1 17.1654 1672411348
1 16.9184 1672411350
1 16.7729 1672411352
1 16.8717 1672411354
1 16.6727 1672411356
1 16.4955 1672411358
1 16.7138 1672411360
1 16.7836 1672411362
1 16.8965 1672411364
1 17.0392 1672411366
1 17.002 1672411368
1 16.8866 1672411370
1 17.0781 1672411372
1 16.9806 1672411374
1 17.069 1672411376
1 17.0117 1672411378
1 17.2253 1672411380
1 17.4103 1672411382
1 17.6208 1672411384
1 17.693 1672411386
1 17.5926 1672411388
1 17.8403 1672411390
1 17.8877 1672411392
1 18.0742 1672411394
1 18.2587 1672411396
1 18.1211 1672411398
1 18.0592 1672411400
1 18.1148 1672411402
1 18.3527 1672411404
1 18.4431 1672411406
1 18.4446 1672411408
1 18.3539 1672411410
1 18.3755 1672411412
1 18.3114 1672411414
1 18.4725 1672411416
1 18.4997 1672411418
1 18.3549 1672411420
1 18.5646 1672411422
1 18.8079 1672411424
1 18.9945 1672411426
1 19.0486 1672411428
1 18.9735 1672411430
1 18.9945 1672411432
1 18.9141 1672411434
1 18.8885 1672411436
1 19.0921 1672411438
1 18.9972 1672411440
1 18.8457 1672411442
1 19.0102 1672411444
1 18.8531 1672411446
1 18.6652 1672411448
1 18.8784 1672411450
1 18.6603 1672411452
1 18.4137 1672411454
1 18.226 1672411456
1 18.145 1672411458
1 17.9264 1672411460
1 17.8178 1672411462
1 17.6383 1672411464
1 17.6344 1672411466
1 17.4145 1672411468
1 17.6643 1672411470
1 17.5275 1672411472
1 17.5963 1672411474
1 17.7227 1672411476
1 17.6988 1672411478
1 17.8899 1672411480
1 17.866 1672411482
1 17.7122 1672411484
1 17.5014 1672411486
1 17.4879 1672411488
1 17.291 1672411490
1 17.1726 1672411492
1 17.327 1672411494
1 17.3491 1672411496
1 17.524 1672411498
1 17.3374 1672411500
1 17.3502 1672411502
1 17.2581 1672411504
1 17.1813 1672411506
1 17.2048 1672411508
1 17.1423 1672411510
1 17.0347 1672411512
1 16.7994 1672411514
1 16.8978 1672411516
1 16.9574 1672411518
1 16.8677 1672411520
1 16.9338 1672411522
1 16.9732 1672411524
1 16.7427 1672411526
1 16.7929 1672411528
1 16.7284 1672411530
1 16.4824 1672411532
1 16.51 1672411534
1 16.4933 1672411536
1 16.3416 1672411538
1 16.4442 1672411540
1 16.4245 1672411542
1 16.4458 1672411544
1 16.2663 1672411546
1 16.0834 1672411548
1 15.8708 1672411550
1 16.1135 1672411552
1 15.93 1672411554
1 15.9596 1672411556
1 16.0242 1672411558
1 15.9766 1672411560
1 15.8191 1672411562
1 15.7755 1672411564
1 15.5492 1672411566
1 15.7936 1672411568
1 15.825 1672411570
1 15.8138 1672411572
1 15.5801 1672411574
1 15.6472 1672411576
1 15.5363 1672411578
1 15.7321 1672411580
1 15.7203 1672411582
1 15.5513 1672411584
1 15.7466 1672411586
1 15.7048 1672411588
1 15.8654 1672411590
1 16.0635 1672411592
1 16.0276 1672411594
1 15.9363 1672411596
1 15.8179 1672411598
1 15.7447 1672411600
1 15.509 1672411602
1 15.3627 1672411604
1 15.5759 1672411606
1 15.531 1672411608
1 15.4476 1672411610
1 15.2751 1672411612
1 15.3238 1672411614
1 15.5639 1672411616
1 15.5398 1672411618
1 15.6003 1672411620
1 15.7613 1672411622
1 15.9644 1672411624
1 15.9571 1672411626
1 15.971 1672411628
1 15.7349 1672411630
1 15.8737 1672411632
1 16.0355 1672411634
1 15.843 1672411636
1 15.8437 1672411638
1 15.9981 1672411640
1 15.816 1672411642
1 15.8841 1672411644
1 15.6824 1672411646
1 15.7293 1672411648
1 15.8346 1672411650
1 15.7498 1672411652
1 15.6493 1672411654
1 15.6714 1672411656
1 15.636 1672411658
1 15.4713 1672411660
1 15.689 1672411662
1 15.7288 1672411664
1 15.7849 1672411666
1 15.7186 1672411668
1 15.6528 1672411670
1 15.4984 1672411672
1 15.5288 1672411674
1 15.5106 1672411676
1 15.4405 1672411678
1 15.3712 1672411680
1 15.1782 1672411682
1 15.2419 1672411684
1 14.993 1672411686
1 14.7649 1672411688
1 14.8718 1672411690
1 14.947 1672411692
1 15.1049 1672411694
1 15.1128 1672411696
1 15.1073 1672411698
1 15.126 1672411700
1 15.1147 1672411702
1 14.8866 1672411704
1 15.0781 1672411706
1 15.278 1672411708
1 15.5252 1672411710
1 15.7451 1672411712
1 15.7341 1672411714
1 15.8776 1672411716
1 16.022 1672411718
1 15.9969 1672411720
1 15.958 1672411722
1 16.1359 1672411724
1 15.9143 1672411726
1 15.9256 1672411728
1 15.8248 1672411730
1 15.9747 1672411732
1 15.9529 1672411734
1 15.9825 1672411736
1 15.8835 1672411738
1 16.0317 1672411740
1 15.8736 1672411742
1 16.0495 1672411744
1 15.876 1672411746
1 15.6501 1672411748
1 15.6829 1672411750
1 15.8219 1672411752
1 15.879 1672411754
1 15.9548 1672411756
1 16.0078 1672411758
1 16.0405 1672411760
1 16.112 1672411762
1 16.0909 1672411764
1 16.0171 1672411766
1 16.1875 1672411768
1 16.3462 1672411770
1 16.5689 1672411772
1 16.4976 1672411774
1 16.4231 1672411776
1 16.4357 1672411778
1 16.4908 1672411780
1 16.7022 1672411782
1 16.7124 1672411784
1 16.7544 1672411786
1 16.9748 1672411788
1 17.0938 1672411790
1 17.1103 1672411792
1 16.9554 1672411794
1 17.031 1672411796
1 16.8614 1672411798
1 16.9838 1672411800
1 17.1724 1672411802
1 17.2897 1672411804
1 17.4836 1672411806
1 17.5554 1672411808
1 17.3536 1672411810
1 17.5168 1672411812
1 17.5041 1672411814
1 17.5706 1672411816
1 17.3541 1672411818
1 17.5207 1672411820
1 17.7294 1672411822
1 17.6637 1672411824
1 17.4848 1672411826
1 17.4067 1672411828
1 17.5549 1672411830
1 17.6074 1672411832
1 17.5939 1672411834
1 17.7311 1672411836
1 17.865 1672411838
1 18.0092 1672411840
1 18.0706 1672411842
1 18.2312 1672411844
1 18.071 1672411846
1 18.0091 1672411848
1 18.1138 1672411850
1 18.2149 1672411852
1 18.136 1672411854
1 18.3254 1672411856
1 18.5673 1672411858
1 18.7853 1672411860
1 18.7313 1672411862
1 18.656 1672411864
1 18.7137 1672411866
1 18.6624 1672411868
1 18.6497 1672411870
1 18.8189 1672411872
1 18.5994 1672411874
1 18.8486 1672411876
1 18.6781 1672411878
1 18.7501 1672411880
1 18.6692 1672411882
1 18.5049 1672411884
1 18.7526 1672411886
1 18.9586 1672411888
1 19.1435 1672411890
1 18.9441 1672411892
1 18.7329 1672411894
1 18.8626 1672411896
1 18.7907 1672411898
1 18.6397 1672411900
1 18.6303 1672411902
1 18.4013 1672411904
1 18.3019 1672411906
1 18.1353 1672411908
1 18.2757 1672411910
1 18.3546 1672411912
1 18.5266 1672411914
1 18.4306 1672411916
1 18.3257 1672411918
1 18.5006 1672411920
1 18.383 1672411922
1 18.48 1672411924
1 18.5431 1672411926
1 18.733 1672411928
1 18.878 1672411930
1 18.6368 1672411932
1 18.4462 1672411934
1 18.2813 1672411936
1 18.4957 1672411938
1 18.3736 1672411940
1 18.14 1672411942
1 17.9657 1672411944
1 18.0761 1672411946
1 18.1085 1672411948
1 18.1791 1672411950
1 18.2282 1672411952
1 18.3281 1672411954
1 18.4914 1672411956
1 18.5512 1672411958
1 18.715 1672411960
1 18.8181 1672411962
1 18.5871 1672411964
1 18.7121 1672411966
1 18.6045 1672411968
1 18.6075 1672411970
1 18.7776 1672411972
1 18.7524 1672411974
1 18.7187 1672411976
1 18.7503 1672411978
1 18.6268 1672411980
1 18.6465 1672411982
1 18.659 1672411984
1 18.7891 1672411986
1 18.7703 1672411988
1 18.5304 1672411990
1 18.5344 1672411992
1 18.6957 1672411994
1 18.8924 1672411996
1 18.8707 1672411998
1 18.8783 1672412000
1 18.6806 1672412002
1 18.9062 1672412004
1 18.7157 1672412006
1 18.9371 1672412008
1 18.7251 1672412010
1 18.7661 1672412012
1 19.0004 1672412014
1 18.7656 1672412016
1 18.8478 1672412018
1 18.6598 1672412020
1 18.5596 1672412022
1 18.8051 1672412024
1 18.9402 1672412026
1 19.169 1672412028
1 19.2701 1672412030
1 19.3507 1672412032
1 19.1431 1672412034
1 19.3402 1672412036
1 19.3555 1672412038
1 19.2048 1672412040
1 19.1518 1672412042
1 19.1766 1672412044
1 19.0466 1672412046
1 19.1451 1672412048
1 18.9203 1672412050
1 18.9518 1672412052
1 18.9595 1672412054
1 18.9847 1672412056
1 18.8643 1672412058
1 18.725 1672412060
1 18.8128 1672412062
1 18.9052 1672412064
1 18.8331 1672412066
1 18.605 1672412068
1 18.501 1672412070
1 18.3724 1672412072
1 18.504 1672412074
1 18.3638 1672412076
1 18.4051 1672412078
1 18.2574 1672412080
1 18.4233 1672412082
1 18.4179 1672412084
1 18.6588 1672412086
1 18.7188 1672412088
1 18.5195 1672412090
1 18.4786 1672412092
1 18.3633 1672412094
1 18.319 1672412096
1 18.3717 1672412098
1 18.5441 1672412100
1 18.7826 1672412102
1 19.0245 1672412104
1 19.2164 1672412106
1 19.0524 1672412108
1 18.8349 1672412110
1 18.8143 1672412112
1 18.682 1672412114
1 18.7859 1672412116
1 18.7501 1672412118
1 18.5867 1672412120
1 18.343 1672412122
1 18.246 1672412124
1 18.4492 1672412126
1 18.2014 1672412128
1 18.0699 1672412130
1 18.0623 1672412132
1 18.1279 1672412134
1 17.9033 1672412136
1 17.8875 1672412138
1 17.7169 1672412140
1 17.8104 1672412142
1 17.8678 1672412144
1 17.8119 1672412146
1 17.6921 1672412148
1 17.8377 1672412150
1 17.7254 1672412152
1 17.6626 1672412154
1 17.5474 1672412156
1 17.6296 1672412158
1 17.3947 1672412160
1 17.148 1672412162
1 17.3811 1672412164
1 17.48 1672412166
1 17.2534 1672412168
1 17.4089 1672412170
1 17.2859 1672412172
1 17.395 1672412174
1 17.6197 1672412176
1 17.3996 1672412178
1 17.3596 1672412180
1 17.1253 1672412182
1 17.2842 1672412184
1 17.2226 1672412186
1 17.2977 1672412188
1 17.254 1672412190
1 17.0937 1672412192
1 17.1393 1672412194
1 17.163 1672412196
1 17.1074 1672412198
1 17.0203 1672412200
1 16.9826 1672412202
1 16.747 1672412204
1 16.8056 1672412206
1 16.9376 1672412208
1 16.9029 1672412210
1 16.9703 1672412212
1 17.0327 1672412214
1 17.1243 1672412216
1 16.9853 1672412218
1 16.9677 1672412220
1 17.1731 1672412222
1 17.4043 1672412224
1 17.4453 1672412226
1 17.5839 1672412228
1 17.7185 1672412230
1 17.8049 1672412232
1 17.5755 1672412234
1 17.5961 1672412236
1 17.4041 1672412238
1 17.5348 1672412240
1 17.7819 1672412242
1 17.9176 1672412244
1 17.9773 1672412246
1 18.152 1672412248
1 18.0573 1672412250
1 18.0189 1672412252
1 17.8111 1672412254
1 18.0325 1672412256
1 18.1019 1672412258
1 18.1495 1672412260
1 17.9349 1672412262
1 17.9445 1672412264
1 17.9591 1672412266
1 17.7953 1672412268
1 17.6939 1672412270
1 17.7396 1672412272
1 17.9702 1672412274
1 17.8464 1672412276
1 17.7971 1672412278
1 17.6386 1672412280
1 17.6836 1672412282
1 17.6365 1672412284
1 17.849 1672412286
1 17.7641 1672412288
1 17.911 1672412290
1 17.7707 1672412292
1 17.5261 1672412294
1 17.5594 1672412296
1 17.5739 1672412298
1 17.6221 1672412300
1 17.746 1672412302
1 17.7483 1672412304
1 17.885 1672412306
1 18.1035 1672412308
1 18.1374 1672412310
1 18.3521 1672412312
1 18.3464 1672412314
1 18.5006 1672412316
1 18.6166 1672412318
1 18.862 1672412320
1 18.6841 1672412322
1 18.8317 1672412324
1 18.6465 1672412326
1 18.8739 1672412328
1 19.0509 1672412330
1 19.0095 1672412332
1 18.8219 1672412334
1 18.7237 1672412336
1 18.7709 1672412338
1 18.9432 1672412340
1 18.9679 1672412342
1 18.7924 1672412344
1 18.5983 1672412346
1 18.5576 1672412348
1 18.6299 1672412350
1 18.4802 1672412352
1 18.4402 1672412354
1 18.2038 1672412356
1 18.1645 1672412358
1 18.0873 1672412360
1 18.3189 1672412362
1 18.1988 1672412364
1 18.3029 1672412366
1 18.0709 1672412368
1 18.2668 1672412370
1 18.049 1672412372
1 18.2369 1672412374
1 18.2915 1672412376
1 18.3542 1672412378
1 18.4692 1672412380
1 18.5579 1672412382
1 18.659 1672412384
1 18.4926 1672412386
1 18.3769 1672412388
1 18.5133 1672412390
1 18.5423 1672412392
1 18.3175 1672412394
1 18.2419 1672412396
1 18.3821 1672412398
1 18.1922 1672412400
1 18.1759 1672412402
1 18.1519 1672412404
1 18.0183 1672412406
1 18.2091 1672412408
1 17.9609 1672412410
1 18.139 1672412412
1 18.2448 1672412414
1 18.4365 1672412416
1 18.4531 1672412418
1 18.597 1672412420
1 18.8385 1672412422
1 18.9028 1672412424
1 18.9309 1672412426
1 19.1119 1672412428
1 19.3159 1672412430
1 19.488 1672412432
1 19.5166 1672412434
1 19.7471 1672412436
1 19.8469 1672412438
1 19.9208 1672412440
1 19.9538 1672412442
1 19.9322 1672412444
1 19.7582 1672412446
1 19.5801 1672412448
1 19.7773 1672412450
1 19.6205 1672412452
1 19.562 1672412454
1 19.527 1672412456
1 19.3516 1672412458
1 19.3966 1672412460
1 19.3781 1672412462
1 19.3422 1672412464
1 19.5213 1672412466
1 19.6238 1672412468
1 19.782 1672412470
1 19.7691 1672412472
1 20.0083 1672412474
1 19.9234 1672412476
1 19.7761 1672412478
1 19.9093 1672412480
1 20.0653 1672412482
1 19.912 1672412484
1 19.8238 1672412486
1 19.6852 1672412488
1 19.6748 1672412490
1 19.7712 1672412492
1 20.0015 1672412494
1 19.7999 1672412496
1 19.849 1672412498
1 19.6482 1672412500
1 19.585 1672412502
1 19.6101 1672412504
1 19.6836 1672412506
1 19.728 1672412508
1 19.9727 1672412510
1 20.1525 1672412512
1 19.9302 1672412514
1 19.8319 1672412516
1 19.6079 1672412518
1 19.7442 1672412520
1 19.6213 1672412522
1 19.6625 1672412524
1 19.438 1672412526
1 19.6107 1672412528
1 19.3667 1672412530
1 19.454 1672412532
1 19.2379 1672412534
1 19.0638 1672412536
1 19.1528 1672412538
1 19.1893 1672412540
1 19.4019 1672412542
1 19.245 1672412544
1 19.3367 1672412546
1 19.5795 1672412548
1 19.7027 1672412550
1 19.9071 1672412552
1 19.8772 1672412554
1 19.7379 1672412556
1 19.6091 1672412558
1 19.7833 1672412560
1 19.95 1672412562
1 19.9148 1672412564
1 19.8748 1672412566
1 20.0401 1672412568
1 20.2043 1672412570
1 20.4132 1672412572
1 20.2251 1672412574
1 20.4486 1672412576
1 20.4072 1672412578
1 20.375 1672412580
1 20.4889 1672412582
1 20.5679 1672412584
1 20.6343 1672412586
1 20.5698 1672412588
1 20.6649 1672412590
1 20.7631 1672412592
1 20.8499 1672412594
1 20.9928 1672412596
1 21.0424 1672412598
1 21.0831 1672412600
1 20.8971 1672412602
1 20.8606 1672412604
1 20.9727 1672412606
1 21.1392 1672412608
1 21.2883 1672412610
1 21.0833 1672412612
1 20.8933 1672412614
1 20.8048 1672412616
1 21.0092 1672412618
1 21.0452 1672412620
1 21.1113 1672412622
1 21.3146 1672412624
1 21.2607 1672412626
1 21.2743 1672412628
1 21.0476 1672412630
1 21.0459 1672412632
1 20.8423 1672412634
1 20.9278 1672412636
1 20.8706 1672412638
1 21.0787 1672412640
1 21.2608 1672412642
1 21.2006 1672412644
1 21.1879 1672412646
1 21.012 1672412648
1 21.1107 1672412650
1 21.309 1672412652
1 21.2117 1672412654
1 21.1597 1672412656
1 21.3234 1672412658
1 21.2238 1672412660
1 20.9968 1672412662
1 21.0746 1672412664
1 21.1794 1672412666
1 21.1613 1672412668
1 21.1091 1672412670
1 20.9546 1672412672
1 20.8735 1672412674
1 20.8446 1672412676
1 20.6615 1672412678
1 20.6301 1672412680
1 20.6217 1672412682
1 20.7487 1672412684
1 20.7098 1672412686
1 20.8897 1672412688
1 20.8888 1672412690
1 20.9061 1672412692
1 20.9722 1672412694
1 20.8511 1672412696
1 20.909 1672412698
1 20.9747 1672412700
1 20.7744 1672412702
1 20.9429 1672412704
1 20.972 1672412706
1 21.1069 1672412708
1 21.0305 1672412710
1 20.9113 1672412712
1 20.8531 1672412714
1 20.7467 1672412716
1 20.7669 1672412718
1 20.6397 1672412720
1 20.4611 1672412722
1 20.6443 1672412724
1 20.6369 1672412726
1 20.5119 1672412728
1 20.3374 1672412730
1 20.4534 1672412732
1 20.5068 1672412734
1 20.5142 1672412736
1 20.5908 1672412738
1 20.3443 1672412740
1 20.3021 1672412742
1 20.12 1672412744
1 20.3219 1672412746
1 20.1439 1672412748
1 20.3483 1672412750
1 20.481 1672412752
1 20.3333 1672412754
1 20.301 1672412756
1 20.4017 1672412758
1 20.6291 1672412760
1 20.4817 1672412762
1 20.5502 1672412764
1 20.792 1672412766
1 20.6759 1672412768
1 20.7665 1672412770
1 20.7074 1672412772
1 20.6462 1672412774
1 20.5392 1672412776
1 20.5009 1672412778
1 20.5796 1672412780
1 20.6399 1672412782
1 20.4585 1672412784
1 20.5234 1672412786
1 20.5879 1672412788
1 20.6332 1672412790
1 20.6087 1672412792
1 20.3788 1672412794
1 20.1958 1672412796
1 20.1393 1672412798
1 20.3086 1672412800
1 20.4272 1672412802
1 20.4199 1672412804
1 20.1761 1672412806
1 20.1227 1672412808
1 19.9773 1672412810
1 20.0891 1672412812
1 19.9171 1672412814
1 20.1653 1672412816
1 20.2107 1672412818
1 20.0299 1672412820
1 20.2235 1672412822
1 20.3299 1672412824
1 20.3348 1672412826
1 20.5652 1672412828
1 20.7394 1672412830
1 20.726 1672412832
1 20.6058 1672412834
1 20.5427 1672412836
1 20.3802 1672412838
1 20.6007 1672412840
1 20.3564 1672412842
1 20.5606 1672412844
1 20.6333 1672412846
1 20.718 1672412848
1 20.9669 1672412850
1 20.9245 1672412852
1 20.6881 1672412854
1 20.8175 1672412856
1 20.745 1672412858
1 20.961 1672412860
1 21.0429 1672412862
1 21.0549 1672412864
1 20.8176 1672412866
1 20.6764 1672412868
1 20.7941 1672412870
1 20.8161 1672412872
1 20.8355 1672412874
1 20.8706 1672412876
1 20.8394 1672412878
1 20.9644 1672412880
1 21.1707 1672412882
1 21.3605 1672412884
1 21.3009 1672412886
1 21.2095 1672412888
1 21.2086 1672412890
1 20.9921 1672412892
1 21.0405 1672412894
1 21.0023 1672412896
1 21.038 1672412898
1 21.273 1672412900
1 21.343 1672412902
1 21.5367 1672412904
1 21.4701 1672412906
1 21.2372 1672412908
1 21.3885 1672412910
1 21.2243 1672412912
1 21.0871 1672412914
1 21.0764 1672412916
1 21.1188 1672412918
1 21.2488 1672412920
1 21.2564 1672412922
1 21.4469 1672412924
1 21.3728 1672412926
1 21.5427 1672412928
1 21.3092 1672412930
1 21.4464 1672412932
1 21.6298 1672412934
1 21.4577 1672412936
1 21.247 1672412938
1 21.0479 1672412940
1 21.2239 1672412942
1 21.3314 1672412944
1 21.1877 1672412946
1 21.1573 1672412948
1 21.0936 1672412950
1 20.999 1672412952
1 21.1024 1672412954
1 20.9763 1672412956
1 20.739 1672412958
1 20.5304 1672412960
1 20.5976 1672412962
1 20.3913 1672412964
1 20.2866 1672412966
1 20.0783 1672412968
1 20.1726 1672412970
1 20.1383 1672412972
1 19.8933 1672412974
1 19.7143 1672412976
1 19.8811 1672412978
1 19.7887 1672412980
1 19.8117 1672412982
1 19.9502 1672412984
1 19.9256 1672412986
1 19.923 1672412988
1 19.9185 1672412990
1 19.7078 1672412992
1 19.6188 1672412994
1 19.7383 1672412996
1 19.8541 1672412998
1 20.1026 1672413000
1 20.1785 1672413002
1 20.2165 1672413004
1 20.274 1672413006
1 20.2244 1672413008
1 20.4167 1672413010
1 20.5053 1672413012
1 20.7444 1672413014
1 20.6524 1672413016
1 20.7802 1672413018
1 20.8505 1672413020
1 21.0635 1672413022
1 21.0522 1672413024
1 20.9408 1672413026
1 20.8911 1672413028
1 20.9926 1672413030
1 20.9878 1672413032
1 20.7411 1672413034
1 20.8469 1672413036
1 20.8392 1672413038
1 20.8843 1672413040
1 20.8184 1672413042
1 20.5891 1672413044
1 20.7386 1672413046
1 20.981 1672413048
1 20.8278 1672413050
1 21.0459 1672413052
1 21.2641 1672413054
1 21.3684 1672413056
1 21.268 1672413058
1 21.1104 1672413060
1 21.1761 1672413062
1 21.2267 1672413064
1 21.2039 1672413066
1 21.1253 1672413068
1 21.1394 1672413070
1 21.2019 1672413072
1 21.3001 1672413074
1 21.4923 1672413076
1 21.3193 1672413078
1 21.108 1672413080
1 21.1772 1672413082
1 20.9868 1672413084
1 21.2308 1672413086
1 21.0084 1672413088
1 20.9044 1672413090
1 20.8301 1672413092
1 20.8625 1672413094
1 20.9244 1672413096
1 20.8874 1672413098
1 20.8971 1672413100
1 21.0142 1672413102
1 21.1621 1672413104
1 21.2062 1672413106
1 21.3776 1672413108
1 21.2183 1672413110
1 21.2212 1672413112
1 21.214 1672413114
1 20.9838 1672413116
1 20.7831 1672413118
1 20.5627 1672413120
1 20.4871 1672413122
1 20.4067 1672413124
1 20.4777 1672413126
1 20.6944 1672413128
1 20.6618 1672413130
1 20.5872 1672413132
1 20.3979 1672413134
1 20.4789 1672413136
1 20.6148 1672413138
1 20.5888 1672413140
1 20.3899 1672413142
1 20.5038 1672413144
1 20.392 1672413146
1 20.427 1672413148
1 20.178 1672413150
1 20.3408 1672413152
1 20.1752 1672413154
1 20.224 1672413156
1 20.3945 1672413158
1 20.3717 1672413160
1 20.2558 1672413162
1 20.432 1672413164
1 20.4206 1672413166
1 20.6568 1672413168
1 20.8384 1672413171
1 21.0812 1672413173
1 21.1152 1672413175
1 21.352 1672413177
1 21.5558 1672413179
1 21.7857 1672413181
1 21.6533 1672413183
1 21.4251 1672413185
1 21.5727 1672413187
1 21.7938 1672413189
1 21.931 1672413191
1 22.0055 1672413193
1 22.1647 1672413195
1 22.1187 1672413197
1 22.3557 1672413199
1 22.3814 1672413201
1 22.1439 1672413203
1 22.0625 1672413205
1 22.1435 1672413207
1 22.2824 1672413209
1 22.4554 1672413211
1 22.2262 1672413213
1 22.408 1672413215
1 22.5515 1672413217
1 22.7582 1672413219
1 22.7101 1672413221
1 22.7376 1672413223
1 22.5651 1672413225
1 22.6166 1672413227
1 22.5602 1672413229
1 22.804 1672413231
1 22.7268 1672413233
1 22.6142 1672413235
1 22.8121 1672413237
1 22.6591 1672413239
1 22.4443 1672413241
1 22.2087 1672413243
1 22.4349 1672413245
1 22.581 1672413247
1 22.5387 1672413249
1 22.3876 1672413251
1 22.5357 1672413253
1 22.7847 1672413255
1 22.7618 1672413257
1 22.6496 1672413259
1 22.748 1672413261
1 22.8519 1672413263
1 22.636 1672413265
1 22.6637 1672413267
1 22.8649 1672413269
1 22.7102 1672413271
1 22.6238 1672413273
1 22.5604 1672413275
1 22.4494 1672413277
1 22.6385 1672413279
1 22.4577 1672413281
1 22.43 1672413283
1 22.4172 1672413285
1 22.5077 1672413287
1 22.3557 1672413289
1 22.445 1672413291
1 22.349 1672413293
1 22.2816 1672413295
1 22.1006 1672413297
1 22.3142 1672413299
1 22.4674 1672413301
1 22.5759 1672413303
1 22.595 1672413305
1 22.3813 1672413307
1 22.5221 1672413309
1 22.4204 1672413311
1 22.2007 1672413313
1 22.1902 1672413315
1 21.943 1672413317
1 22.0078 1672413319
1 21.7885 1672413321
1 21.6567 1672413323
1 21.4271 1672413325
1 21.2577 1672413327
1 21.4323 1672413329
1 21.4321 1672413331
1 21.4278 1672413333
1 21.3939 1672413335
1 21.6426 1672413337
1 21.4428 1672413339
1 21.2564 1672413341
1 21.4399 1672413343
1 21.5781 1672413345
1 21.3662 1672413347
1 21.4794 1672413349
1 21.5549 1672413351
1 21.4491 1672413353
1 21.5712 1672413355
1 21.3908 1672413357
1 21.2572 1672413359
1 21.4904 1672413361
1 21.7222 1672413363
1 21.7065 1672413365
1 21.7154 1672413367
1 21.546 1672413369
1 21.5989 1672413371
1 21.477 1672413373
1 21.3775 1672413375
1 21.5399 1672413377
1 21.4816 1672413379
1 21.4358 1672413381
1 21.477 1672413383
1 21.3495 1672413385
1 21.5232 1672413387
1 21.4873 1672413389
1 21.3537 1672413391
1 21.196 1672413393
1 21.3649 1672413395
1 21.3064 1672413397
1 21.4938 1672413399
1 21.2892 1672413401
1 21.0987 1672413403
1 21.0138 1672413405
1 21.0503 1672413407
1 21.0894 1672413409
1 21.1296 1672413411
1 21.132 1672413413
1 21.3692 1672413415
1 21.4562 1672413417
1 21.5902 1672413419
1 21.3811 1672413421
1 21.3098 1672413423
1 21.1339 1672413425
1 21.2796 1672413427
1 21.245 1672413429
1 21.3642 1672413431
1 21.2247 1672413433
1 21.3473 1672413435
1 21.2956 1672413437
1 21.4839 1672413439
1 21.4215 1672413441
1 21.5561 1672413443
1 21.6566 1672413445
1 21.8969 1672413447
1 21.8925 1672413449
1 21.6799 1672413451
1 21.5742 1672413453
1 21.7772 1672413455
1 22.0101 1672413457
1 22.09 1672413459
1 22.1079 1672413461
1 21.9057 1672413463
1 21.8898 1672413465
1 22.0274 1672413467
1 21.8723 1672413469
1 22.0563 1672413471
1 22.2904 1672413473
1 22.2057 1672413475
1 22.3257 1672413477
1 22.3112 1672413479
1 22.1931 1672413481
1 22.2177 1672413483
1 22.1452 1672413485
1 22.2448 1672413487
1 22.2039 1672413489
1 21.96 1672413491
1 21.9014 1672413493
1 21.9316 1672413495
1 22.1443 1672413497
1 22.086 1672413499
1 22.2002 1672413501
1 22.0297 1672413503
1 22.0791 1672413505
1 21.945 1672413507
1 22.0705 1672413509
1 22.1392 1672413511
1 22.264 1672413513
1 22.2392 1672413515
1 22.0001 1672413517
1 22.2234 1672413519
1 22.1209 1672413521
1 22.0645 1672413523
1 22.1416 1672413525
1 22.1886 1672413527
1 22.2647 1672413529
1 22.1863 1672413531
1 22.2442 1672413533
1 22.125 1672413535
1 22.0103 1672413537
1 21.7757 1672413539
1 21.7979 1672413541
1 21.8564 1672413543
1 21.6685 1672413545
1 21.7809 1672413547
1 21.5508 1672413549
1 21.4932 1672413551
1 21.5211 1672413553
1 21.5512 1672413555
1 21.3355 1672413557
1 21.1948 1672413559
1 21.0997 1672413561
1 21.3172 1672413563
1 21.1706 1672413565
1 21.1428 1672413567
1 20.9099 1672413569
1 20.9391 1672413571
1 20.9919 1672413573
1 21.1887 1672413575
1 21.328 1672413577
1 21.5606 1672413579
1 21.4513 1672413581
1 21.5904 1672413583
1 21.4678 1672413585
1 21.4439 1672413587
1 21.2289 1672413589
1 21.2866 1672413591
1 21.3619 1672413593
1 21.3462 1672413595
1 21.1216 1672413597
1 20.9759 1672413599
1 20.9 1672413601
1 20.9114 1672413603
1 21.0377 1672413605
1 21.0404 1672413607
1 21.1956 1672413609
1 21.0307 1672413611
1 21.2447 1672413613
1 21.0481 1672413615
1 21.0091 1672413617
1 21.033 1672413619
1 20.9142 1672413621
1 20.7924 1672413623
1 20.597 1672413625
1 20.3984 1672413627
1 20.2828 1672413629
1 20.2004 1672413631
1 20.3704 1672413633
1 20.3791 1672413635
1 20.4724 1672413637
1 20.3839 1672413639
1 20.4301 1672413641
1 20.4813 1672413643
1 20.4887 1672413645
1 20.2536 1672413647
1 20.1731 1672413649
1 20.3897 1672413651
1 20.6104 1672413653
1 20.5901 1672413655
1 20.3426 1672413657
1 20.533 1672413659
1 20.6712 1672413661
1 20.7807 1672413663
1 20.5426 1672413665
1 20.3819 1672413667
1 20.5827 1672413669
1 20.7921 1672413671
1 20.5654 1672413673
1 20.4638 1672413675
1 20.6506 1672413677
1 20.6254 1672413679
1 20.8287 1672413681
1 20.7372 1672413683
1 20.6447 1672413685
1 20.6525 1672413687
1 20.4555 1672413689
1 20.2866 1672413691
1 20.2939 1672413693
1 20.2629 1672413695
1 20.4119 1672413697
1 20.3996 1672413699
1 20.4905 1672413701
1 20.6399 1672413703
1 20.6402 1672413705
1 20.401 1672413707
1 20.2772 1672413709
1 20.1592 1672413711
1 19.9294 1672413713
1 20.0039 1672413715
1 19.8879 1672413717
1 20.0276 1672413719
1 20.0578 1672413721
1 20.2456 1672413723
1 20.0426 1672413725
1 20.1774 1672413727
1 20.3217 1672413729
1 20.2579 1672413731
1 20.0847 1672413733
1 19.8421 1672413735
1 19.7203 1672413737
1 19.8405 1672413739
1 19.6658 1672413741
1 19.7355 1672413743
1 19.6286 1672413745
1 19.4781 1672413747
1 19.6092 1672413749
1 19.5434 1672413751
1 19.5176 1672413753
1 19.4006 1672413755
1 19.4096 1672413757
1 19.2154 1672413759
1 19.3907 1672413761
1 19.3163 1672413763
1 19.3779 1672413765
1 19.3401 1672413767
1 19.2157 1672413769
1 19.4057 1672413771
1 19.4834 1672413773
1 19.4221 1672413775
1 19.2232 1672413777
1 19.0775 1672413779
1 18.9384 1672413781
1 18.8727 1672413783
1 18.8517 1672413785
1 18.6352 1672413787
1 18.8299 1672413789
1 18.5861 1672413791
1 18.4846 1672413793
1 18.5024 1672413795
1 18.5821 1672413797
1 18.395 1672413799
1 18.3642 1672413801
1 18.5877 1672413803
1 18.4936 1672413805
1 18.3549 1672413807
1 18.3504 1672413809
1 18.3405 1672413811
1 18.3423 1672413813
1 18.4346 1672413815
1 18.4052 1672413817
1 18.2894 1672413819
1 18.1724 1672413821
1 18.3058 1672413823
1 18.3928 1672413825
1 18.3418 1672413827
1 18.4219 1672413829
1 18.585 1672413831
1 18.7184 1672413833
1 18.621 1672413835
1 18.7781 1672413837
1 18.6167 1672413839
1 18.8312 1672413841
1 18.8399 1672413843
1 18.7376 1672413845
1 18.9557 1672413847
1 19.1306 1672413849
1 19.3352 1672413851
1 19.1211 1672413853
1 19.0158 1672413855
1 18.837 1672413857
1 18.7347 1672413859
1 18.9158 1672413861
1 18.7523 1672413863
1 18.9473 1672413865
1 18.7735 1672413867
1 18.55 1672413869
1 18.3838 1672413871
1 18.5252 1672413873
1 18.3132 1672413875
1 18.0859 1672413877
1 17.8553 1672413879
1 17.7606 1672413881
1 17.7953 1672413883
1 17.9082 1672413885
1 17.7658 1672413887
1 17.9096 1672413889
1 17.8191 1672413891
1 17.5803 1672413893
1 17.4859 1672413895
1 17.7261 1672413897
1 17.4801 1672413899
1 17.3811 1672413901
1 17.4491 1672413903
1 17.5263 1672413905
1 17.3981 1672413907
1 17.5308 1672413909
1 17.4655 1672413911
1 17.6345 1672413913
1 17.6278 1672413915
1 17.5759 1672413917
1 17.5474 1672413919
1 17.5085 1672413921
1 17.3548 1672413923
1 17.2276 1672413925
1 17.0726 1672413927
1 16.9629 1672413929
1 16.8405 1672413931
1 16.8813 1672413933
1 17.0782 1672413935
1 17 1672413937
1 16.955 1672413939
1 16.8598 1672413941
1 16.9375 1672413943
1 16.9085 1672413945
1 16.8965 1672413947
1 16.6683 1672413949
1 16.7032 1672413951
1 16.8016 1672413953
1 16.6594 1672413955
1 16.7466 1672413957
1 16.6896 1672413959
1 16.5742 1672413961
1 16.5948 1672413963
1 16.5862 1672413965
1 16.4956 1672413967
1 16.4328 1672413969
1 16.5518 1672413971
1 16.7884 1672413973
1 17.0316 1672413975
1 16.8489 1672413977
1 16.6361 1672413979
1 16.4663 1672413981
1 16.6817 1672413983
1 16.7251 1672413985
1 16.7162 1672413987
1 16.4768 1672413989
1 16.4589 1672413991
1 16.4937 1672413993
1 16.2869 1672413995
1 16.5309 1672413997
1 16.6434 1672413999
1 16.5296 1672414001
1 16.281 1672414003
1 16.2866 1672414005
1 16.3323 1672414007
1 16.376 1672414009
1 16.4199 1672414011
1 16.6044 1672414013
1 16.4528 1672414015
1 16.4887 1672414017
1 16.6723 1672414019
1 16.5026 1672414021
1 16.3241 1672414023
1 16.5659 1672414025
1 16.4172 1672414027
1 16.2033 1672414029
1 16.1981 1672414031
1 15.9664 1672414033
1 16.1723 1672414035
1 16.3836 1672414037
1 16.2711 1672414039
1 16.4937 1672414041
1 16.7282 1672414043
1 16.6205 1672414045
1 16.74 1672414047
1 16.5262 1672414049
1 16.5355 1672414051
1 16.4136 1672414053
1 16.558 1672414055
1 16.445 1672414057
1 16.4807 1672414059
1 16.2915 1672414061
1 16.1765 1672414063
1 16.174 1672414065
1 16.0566 1672414067
1 16.1068 1672414069
1 16.1862 1672414071
1 16.2108 1672414073
1 16.3093 1672414075
1 16.2144 1672414077
1 16.0731 1672414079
1 16.3042 1672414081
1 16.4753 1672414083
1 16.2973 1672414085
1 16.049 1672414087
1 16.0883 1672414089
1 15.88 1672414091
1 15.8563 1672414093
1 15.8012 1672414095
1 15.7966 1672414097
1 15.8336 1672414099
1 15.9298 1672414101
1 15.9905 1672414103
1 16.0279 1672414105
1 15.8217 1672414107
1 15.705 1672414109
1 15.5039 1672414111
1 15.3643 1672414113
1 15.224 1672414115
1 15.4468 1672414117
1 15.3608 1672414119
1 15.4028 1672414121
1 15.297 1672414123
1 15.2819 1672414125
1 15.1461 1672414127
1 14.9367 1672414129
1 15.1864 1672414131
1 15.3224 1672414133
1 15.3641 1672414135
1 15.5314 1672414137
1 15.6368 1672414139
1 15.3964 1672414141
1 15.1766 1672414143
1 14.949 1672414145
1 15.1704 1672414147
1 14.9875 1672414149
1 14.9027 1672414151
1 15.071 1672414153
1 15.201 1672414155
1 15.0723 1672414157
1 14.9202 1672414159
1 14.7708 1672414161
1 14.8816 1672414163
1 14.7149 1672414165
1 14.7285 1672414167
1 14.6066 1672414169
1 14.7751 1672414171
1 14.7843 1672414173
1 14.7831 1672414175
1 15.0243 1672414177
1 14.8307 1672414179
1 14.8427 1672414181
1 14.8914 1672414183
1 15.053 1672414185
1 15.2629 1672414187
1 15.2843 1672414189
1 15.0956 1672414191
1 15.0824 1672414193
1 14.8867 1672414195
1 14.9068 1672414197
1 15.1086 1672414199
1 15.25 1672414201
1 15.0466 1672414203
1 15.2477 1672414205
1 15.2813 1672414207
1 15.4856 1672414209
1 15.4753 1672414211
1 15.6795 1672414213
1 15.6297 1672414215
1 15.7266 1672414217
1 15.5419 1672414219
1 15.602 1672414221
1 15.4273 1672414223
1 15.2353 1672414225
1 15.1307 1672414227
1 15.1707 1672414229
1 15.327 1672414231
1 15.4283 1672414233
1 15.554 1672414235
1 15.5947 1672414237
1 15.5968 1672414239
1 15.8003 1672414241
1 15.7841 1672414243
1 15.6932 1672414245
1 15.4706 1672414247
1 15.6016 1672414249
1 15.4013 1672414251
1 15.2811 1672414253
1 15.2581 1672414255
1 15.0714 1672414257
1 14.8271 1672414259
1 15.0177 1672414261
1 14.8212 1672414263
1 14.9036 1672414265
1 14.8163 1672414267
1 15.0476 1672414269
1 14.87 1672414271
1 14.8073 1672414273
1 14.997 1672414275
1 14.8079 1672414277
1 14.6783 1672414279
1 14.5083 1672414281
1 14.7073 1672414283
1 14.9065 1672414285
1 14.8424 1672414287
1 14.6923 1672414289
1 14.8731 1672414291
1 14.814 1672414293
1 14.7197 1672414295
1 14.9093 1672414297
1 14.8606 1672414299
1 14.97 1672414301
1 15.1587 1672414303
1 15.3672 1672414305
1 15.1191 1672414307
1 15.0902 1672414309
1 15.2441 1672414311
1 15.1304 1672414313
1 14.9565 1672414315
1 15.127 1672414317
1 15.2708 1672414319
1 15.0483 1672414321
1 14.9307 1672414323
1 15.1513 1672414325
1 15.1531 1672414327
1 15.0321 1672414329
1 15.2252 1672414331
1 15.3608 1672414333
1 15.3462 1672414335
1 15.5209 1672414337
1 15.3346 1672414339
1 15.3903 1672414341
1 15.5551 1672414343
1 15.7242 1672414345
1 15.5708 1672414347
1 15.7499 1672414349
1 15.9172 1672414351
1 15.7296 1672414353
1 15.8913 1672414355
1 16.0981 1672414357
1 16.1232 1672414359
1 16.1244 1672414361
1 15.9118 1672414363
1 15.856 1672414365
1 15.8506 1672414367
1 15.7847 1672414369
1 15.8775 1672414371
1 15.9448 1672414373
1 16.1605 1672414375
1 16.3281 1672414377
1 16.1941 1672414379
1 16.2958 1672414381
1 16.1758 1672414383
1 16.3222 1672414385
1 16.5188 1672414387
1 16.6742 1672414389
1 16.5948 1672414391
1 16.5393 1672414393
1 16.4152 1672414395
1 16.1981 1672414397
1 16.0738 1672414399
1 16.1813 1672414401
1 16.1993 1672414403
1 16.3945 1672414405
1 16.2234 1672414407
1 16.2443 1672414409
1 16.4183 1672414411
1 16.3341 1672414413
1 16.0997 1672414415
1 16.1606 1672414417
1 16.1576 1672414419
1 16.1101 1672414421
1 16.3203 1672414423
1 16.4489 1672414425
1 16.5561 1672414427
1 16.3533 1672414429
1 16.3739 1672414431
1 16.5704 1672414433
1 16.3698 1672414435
1 16.3871 1672414437
1 16.5873 1672414439
1 16.5332 1672414441
1 16.4583 1672414443
1 16.6377 1672414445
1 16.3947 1672414447
1 16.2763 1672414449
1 16.4892 1672414451
1 16.6725 1672414453
1 16.7494 1672414455
1 16.9764 1672414457
1 16.9343 1672414459
1 17.1738 1672414461
1 17.1866 1672414463
1 17.3141 1672414465
1 17.2392 1672414467
1 17.1562 1672414469
1 17.2346 1672414471
1 17.2387 1672414473
1 17.3926 1672414475
1 17.4133 1672414477
1 17.5666 1672414479
1 17.813 1672414481
1 17.9118 1672414483
1 18.0548 1672414485
1 18.2215 1672414487
1 18.3413 1672414489
1 18.4141 1672414491
1 18.2226 1672414493
1 18.2658 1672414495
1 18.2815 1672414497
1 18.4845 1672414499
1 18.6853 1672414501
1 18.7534 1672414503
1 18.5261 1672414505
1 18.6765 1672414507
1 18.5855 1672414509
1 18.3655 1672414511
1 18.1442 1672414513
1 18.2135 1672414515
1 18.0527 1672414517
1 17.9797 1672414519
1 18.1835 1672414521
1 18.1473 1672414523
1 18.0952 1672414525
1 17.8579 1672414527
1 17.6639 1672414529
1 17.7558 1672414531
1 17.7838 1672414533
1 17.7776 1672414535
1 17.8834 1672414537
1 17.7302 1672414539
1 17.8264 1672414541
1 18.0108 1672414543
1 17.9019 1672414545
1 17.8015 1672414547
1 17.9589 1672414549
1 17.8933 1672414551
1 17.7043 1672414553
1 17.7324 1672414555
1 17.7934 1672414557
1 17.9674 1672414559
1 18.0405 1672414561
1 18.2337 1672414563
1 18.1219 1672414565
1 18.2038 1672414567
1 18.009 1672414569
1 17.999 1672414571
1 18.2475 1672414573
1 18.0283 1672414575
1 18.09 1672414577
1 17.8436 1672414579
1 17.8352 1672414581
1 17.6141 1672414583
1 17.7283 1672414585
1 17.7037 1672414587
1 17.9235 1672414589
1 17.7145 1672414591
1 17.6071 1672414593
1 17.5004 1672414595
1 17.4896 1672414597
1 17.3368 1672414599
1 17.4726 1672414601
1 17.4743 1672414603
1 17.384 1672414605
1 17.372 1672414607
1 17.4268 1672414609
1 17.275 1672414611
1 17.0359 1672414613
1 17.2401 1672414615
1 17.2598 1672414617
1 17.1365 1672414619
1 17.2111 1672414621
1 17.1316 1672414623
1 16.943 1672414625
1 16.7225 1672414627
1 16.7633 1672414629
1 16.9561 1672414631
1 16.7094 1672414633
1 16.759 1672414635
1 16.8235 1672414637
1 16.8473 1672414639
1 17.0307 1672414641
1 17.2119 1672414643
1 17.0746 1672414645
1 16.9013 1672414647
1 17.0776 1672414649
1 17.2486 1672414651
1 17.0423 1672414653
1 17.0853 1672414655
1 17.1652 1672414657
1 17.2375 1672414659
1 17.283 1672414661
1 17.1427 1672414663
1 17.3736 1672414665
1 17.355 1672414667
1 17.5485 1672414669
1 17.6976 1672414671
1 17.5283 1672414673
1 17.4124 1672414675
1 17.6483 1672414677
1 17.5272 1672414679
1 17.377 1672414681
1 17.4723 1672414683
1 17.4614 1672414685
1 17.359 1672414687
1 17.2859 1672414689
1 17.228 1672414691
1 17.0613 1672414693
1 17.0441 1672414695
1 17.0462 1672414697
1 16.9434 1672414699
1 16.7821 1672414701
1 16.5573 1672414703
1 16.6374 1672414705
1 16.5154 1672414707
1 16.3473 1672414709
1 16.399 1672414711
1 16.4416 1672414713
1 16.5653 1672414715
1 16.7719 1672414717
1 16.7705 1672414719
1 16.5565 1672414721
1 16.7629 1672414723
1 16.9643 1672414725
1 17.1061 1672414727
1 17.2632 1672414729
1 17.0219 1672414731
1 16.8432 1672414733
1 16.8215 1672414735
1 16.743 1672414737
1 16.8834 1672414739
1 16.8035 1672414741
1 16.933 1672414743
1 16.7911 1672414745
1 16.9213 1672414747
1 17.109 1672414749
1 17.0472 1672414751
1 17.0531 1672414753
1 17.0781 1672414755
1 17.2233 1672414757
1 17.1376 1672414759
1 17.2951 1672414761
1 17.3591 1672414763
1 17.2375 1672414765
1 17.322 1672414767
1 17.4534 1672414769
1 17.4693 1672414771
1 17.2415 1672414773
1 17.4861 1672414775
1 17.7256 1672414777
1 17.8361 1672414779
1 18.0669 1672414781
1 18.0194 1672414783
1 18.2245 1672414785
1 18.0635 1672414787
1 17.8557 1672414789
1 17.9209 1672414791
1 18.0816 1672414793
1 18.3164 1672414795
1 18.4299 1672414797
1 18.5484 1672414799
1 18.5945 1672414801
1 18.719 1672414803
1 18.6231 1672414805
1 18.8174 1672414807
1 18.6489 1672414809
1 18.5788 1672414811
1 18.688 1672414813
1 18.5437 1672414815
1 18.5949 1672414817
1 18.515 1672414819
1 18.2895 1672414821
1 18.4256 1672414823
1 18.1909 1672414825
1 18.1844 1672414827
1 17.9612 1672414829
1 17.9908 1672414831
1 18.0662 1672414833
1 18.1187 1672414835
1 18.2888 1672414837
1 18.1842 1672414839
1 18.0294 1672414841
1 18.2095 1672414843
1 18.3338 1672414845
1 18.4039 1672414847
1 18.2792 1672414849
1 18.3072 1672414851
1 18.2091 1672414853
1 18.0235 1672414855
1 18.1427 1672414857
1 18.2735 1672414859
1 18.291 1672414861
1 18.5304 1672414863
1 18.456 1672414865
1 18.585 1672414867
1 18.721 1672414869
1 18.8936 1672414871
1 18.8198 1672414873
1 18.682 1672414875
1 18.6818 1672414877
1 18.7877 1672414879
1 18.9412 1672414881
1 18.7326 1672414883
1 18.8538 1672414885
1 18.9499 1672414887
1 18.9047 1672414889
1 19.0919 1672414891
1 18.9689 1672414893
1 19.1426 1672414895
1 19.2716 1672414897
1 19.4954 1672414899
1 19.2736 1672414901
1 19.4767 1672414903
1 19.6296 1672414905
1 19.8606 1672414907
1 19.8073 1672414909
1 19.776 1672414911
1 19.7901 1672414913
1 19.8497 1672414915
1 19.7245 1672414917
1 19.5977 1672414919
1 19.8371 1672414921
1 20.0382 1672414923
1 19.9536 1672414925
1 20.025 1672414927
1 20.1248 1672414929
1 20.2439 1672414931
1 20.4285 1672414933
1 20.4919 1672414935
1 20.41 1672414937
1 20.1753 1672414939
1 20.0298 1672414941
1 20.1292 1672414943
1 20.1832 1672414945
1 20.2747 1672414947
1 20.3663 1672414949
1 20.5766 1672414951
1 20.3328 1672414953
1 20.1305 1672414955
1 20.1173 1672414957
1 20.1041 1672414959
1 20.1667 1672414961
1 20.3072 1672414963
1 20.3595 1672414965
1 20.3138 1672414967
1 20.3838 1672414969
1 20.2337 1672414971
1 20.4221 1672414973
1 20.4957 1672414975
1 20.3672 1672414977
1 20.4456 1672414979
1 20.6209 1672414981
1 20.8105 1672414983
1 20.8663 1672414985
1 20.885 1672414987
1 20.6948 1672414989
1 20.7197 1672414991
1 20.5435 1672414993
1 20.3938 1672414995
1 20.3053 1672414997
1 20.1016 1672414999
1 19.9157 1672415001
1 19.8008 1672415003
1 19.5984 1672415005
1 19.5135 1672415007
1 19.3634 1672415009
1 19.4813 1672415011
1 19.4549 1672415013
1 19.2939 1672415015
1 19.135 1672415017
1 19.0546 1672415019
1 19.1508 1672415021
1 19.1287 1672415023
1 19.1099 1672415025
1 19.348 1672415027
1 19.4674 1672415029
1 19.4891 1672415031
1 19.4935 1672415033
1 19.6524 1672415035
1 19.6176 1672415037
1 19.6183 1672415039
1 19.4684 1672415041
1 19.352 1672415043
1 19.1934 1672415045
1 18.9679 1672415047
1 18.9448 1672415049
1 19.0281 1672415051
1 19.1632 1672415053
1 19.3134 1672415055
1 19.1076 1672415057
1 19.0707 1672415059
1 18.8713 1672415061
1 18.88 1672415063
1 18.9548 1672415065
1 18.9007 1672415067
1 19.0542 1672415069
1 19.2169 1672415071
1 19.31 1672415073
1 19.1709 1672415075
1 19.2037 1672415077
1 19.0227 1672415079
1 18.9602 1672415081
1 18.7872 1672415083
1 18.6332 1672415085
1 18.4258 1672415087
1 18.4844 1672415089
1 18.3146 1672415091
1 18.3463 1672415093
1 18.5766 1672415095
1 18.5639 1672415097
1 18.4862 1672415099
1 18.5132 1672415101
1 18.7262 1672415103
1 18.8705 1672415105
1 19.0114 1672415107
1 18.7962 1672415109
1 18.7773 1672415111
1 18.9086 1672415113
1 18.9099 1672415115
1 18.8564 1672415117
1 19.0392 1672415119
1 18.9956 1672415121
1 18.8032 1672415123
1 18.9987 1672415125
1 18.8142 1672415127
1 19.014 1672415129
1 19.1204 1672415131
1 19.0759 1672415133
1 19.3233 1672415135
1 19.3533 1672415137
1 19.2464 1672415139
1 19.3246 1672415141
1 19.128 1672415143
1 19.2967 1672415145
1 19.205 1672415147
1 19.2046 1672415149
1 19.2255 1672415151
1 19.2046 1672415153
1 19.2201 1672415155
1 19.2713 1672415157
1 19.1154 1672415159
1 18.8963 1672415161
1 19.0616 1672415163
1 18.8921 1672415165
1 19.0961 1672415167
1 19.2412 1672415169
1 19.0022 1672415171
1 19.1888 1672415173
1 19.4051 1672415175
1 19.1661 1672415177
1 19.1541 1672415179
1 19.39 1672415181
1 19.3185 1672415183
1 19.4595 1672415185
1 19.7049 1672415187
1 19.9014 1672415189
1 19.7254 1672415191
1 19.6471 1672415193
1 19.6978 1672415195
1 19.8436 1672415197
1 19.627 1672415199
1 19.8627 1672415201
1 19.9112 1672415203
1 19.6618 1672415205
1 19.8182 1672415207
1 19.8836 1672415209
1 19.9325 1672415211
1 20.098 1672415213
1 20.0682 1672415215
1 19.9005 1672415217
1 20.0886 1672415219
1 20.3081 1672415221
1 20.2294 1672415223
1 20.4533 1672415225
1 20.5027 1672415227
1 20.4301 1672415229
1 20.3855 1672415231
1 20.2496 1672415233
1 20.4427 1672415235
1 20.6813 1672415237
1 20.5147 1672415239
1 20.4302 1672415241
1 20.3731 1672415243
1 20.4977 1672415245
1 20.7332 1672415247
1 20.5133 1672415249
1 20.6941 1672415251
1 20.6585 1672415253
1 20.8008 1672415255
1 20.5651 1672415257
1 20.529 1672415259
1 20.7422 1672415261
1 20.6509 1672415263
1 20.5406 1672415265
1 20.6841 1672415267
1 20.4636 1672415269
1 20.6207 1672415271
1 20.6228 1672415273
1 20.8332 1672415275
1 20.8557 1672415277
1 21.0057 1672415279
1 21.2194 1672415281
1 21.1211 1672415283
1 21.0807 1672415285
1 20.8692 1672415287
1 20.9325 1672415289
1 20.6921 1672415291
1 20.6081 1672415293
1 20.5286 1672415295
1 20.6527 1672415297
1 20.5387 1672415299
1 20.5189 1672415301
1 20.4759 1672415303
1 20.669 1672415305
1 20.5148 1672415307
1 20.6978 1672415309
1 20.5021 1672415311
1 20.4573 1672415313
1 20.5278 1672415315
1 20.7109 1672415317
1 20.8429 1672415319
1 21.0532 1672415321
1 21.1952 1672415323
1 21.2171 1672415325
1 21.4671 1672415327
1 21.4108 1672415329
1 21.4003 1672415331
1 21.3629 1672415333
1 21.1201 1672415335
1 20.9275 1672415337
1 20.8853 1672415339
1 20.6818 1672415341
1 20.9011 1672415343
1 20.6819 1672415345
1 20.5187 1672415347
1 20.4802 1672415349
1 20.3647 1672415351
1 20.3859 1672415353
1 20.5369 1672415355
1 20.7447 1672415357
1 20.5283 1672415359
1 20.2959 1672415361
1 20.4592 1672415363
1 20.441 1672415365
1 20.4294 1672415367
1 20.2115 1672415369
1 20.4382 1672415371
1 20.5653 1672415373
1 20.6513 1672415375
1 20.6749 1672415377
1 20.8359 1672415379
1 20.7662 1672415381
1 20.9216 1672415383
1 21.1526 1672415385
1 21.1399 1672415387
1 21.2184 1672415389
1 21.0061 1672415391
1 20.9398 1672415393
1 20.885 1672415395
1 20.9992 1672415397
1 21.1473 1672415399
1 20.9449 1672415401
1 21.1279 1672415403
1 21.3677 1672415405
1 21.5158 1672415407
1 21.5292 1672415409
1 21.6513 1672415411
1 21.7515 1672415413
1 21.9748 1672415415
1 21.8237 1672415417
1 21.7288 1672415419
1 21.5873 1672415421
1 21.8309 1672415423
1 21.964 1672415425
1 21.7303 1672415427
1 21.8526 1672415429
1 21.8971 1672415431
1 21.9471 1672415433
1 21.9041 1672415435
1 22.0468 1672415437
1 22.0647 1672415439
1 22.1398 1672415441
1 22.3456 1672415443
1 22.5523 1672415445
1 22.6186 1672415447
1 22.5453 1672415449
1 22.6837 1672415451
1 22.6727 1672415453
1 22.5449 1672415455
1 22.7278 1672415457
1 22.4881 1672415459
1 22.7248 1672415461
1 22.607 1672415463
1 22.5918 1672415465
1 22.3685 1672415467
1 22.2297 1672415469
1 22.0702 1672415471
1 21.9998 1672415473
1 21.7583 1672415475
1 21.897 1672415477
1 22.1221 1672415479
1 22.24 1672415481
1 22.1851 1672415483
1 22.3987 1672415485
1 22.4726 1672415487
1 22.5214 1672415489
1 22.3331 1672415491
1 22.5471 1672415493
1 22.6234 1672415495
1 22.5558 1672415497
1 22.6687 1672415499
1 22.754 1672415501
1 22.602 1672415503
1 22.5719 1672415505
1 22.4817 1672415507
1 22.3547 1672415509
1 22.5497 1672415511
1 22.5794 1672415513
1 22.5637 1672415515
1 22.4192 1672415517
1 22.5585 1672415519
1 22.7066 1672415521
1 22.6682 1672415523
1 22.8276 1672415525
1 22.6302 1672415527
1 22.8387 1672415529
1 22.8354 1672415531
1 22.9952 1672415533
1 22.9661 1672415535
1 22.9729 1672415537
1 22.8707 1672415539
1 22.8323 1672415541
1 23.0007 1672415543
1 22.9963 1672415545
1 22.8588 1672415547
1 22.9765 1672415549
1 23.1842 1672415551
1 23.2776 1672415553
1 23.194 1672415555
1 23.4159 1672415557
1 23.3367 1672415559
1 23.2068 1672415561
1 23.3685 1672415563
1 23.1766 1672415565
1 22.9721 1672415567
1 23.1774 1672415569
1 23.0307 1672415571
1 23.276 1672415573
1 23.3541 1672415575
1 23.3716 1672415577
1 23.1857 1672415579
1 23.0469 1672415581
1 23.1243 1672415583
1 23.2828 1672415585
1 23.3104 1672415587
1 23.2124 1672415589
1 23.2409 1672415591
1 23.1816 1672415593
1 22.9654 1672415595
1 23.0741 1672415597
1 22.8585 1672415599
1 22.9162 1672415601
1 23.1397 1672415603
1 23.2341 1672415605
1 23.2434 1672415607
1 23.0024 1672415609
1 23.1042 1672415611
1 23.0436 1672415613
1 23.1415 1672415615
1 23.0171 1672415617
1 23.2541 1672415619
1 23.0842 1672415621
1 23.117 1672415623
1 23.162 1672415625
1 23.3825 1672415627
1 23.2485 1672415629
1 23.0501 1672415631
1 22.9134 1672415633
1 23.057 1672415635
1 23.1553 1672415637
1 23.337 1672415639
1 23.4243 1672415641
1 23.2755 1672415643
1 23.0723 1672415645
1 23.0661 1672415647
1 22.8632 1672415649
1 22.9698 1672415651
1 22.975 1672415653
1 23.2224 1672415655
1 23.2381 1672415657
1 23.0132 1672415659
1 23.1558 1672415661
1 23.2638 1672415663
1 23.075 1672415665
1 23.2612 1672415667
