1 19.915310 1672594685
1 19.838080 1672594687
4 20.221514 1672594688
1 19.672185 1672594689
6 20.027717 1672594691
1 19.883571 1672594691
4 20.201169 1672594692
1 19.787813 1672594693
77 19.833921 1672594694
1 19.662270 1672594695
4 20.142942 1672594696
1 19.774794 1672594697
1 19.644393 1672594699
4 20.052609 1672594700
1 19.825613 1672594701
1 19.919534 1672594703
4 19.939131 1672594704
1 20.129328 1672594705
1 20.033580 1672594707
4 20.137539 1672594708
1 20.122611 1672594709
1 19.893258 1672594711
